pyspace
ncols         33
nrows         33
xllcorner     0
yllcorner     0
cellsize      5.000000
NODATA_value   -9999
75.10793688260583 71.89774629611273 79.74032021356179 86.11503775048699 80.22912776306588 77.47664282333847 86.56563096562799 74.24899067983155 81.75995111174153 79.60502340242542 93.89977735570449 92.77851249756921 86.93347036882452 92.50642022320444 90.20607432406105 91.91572548301482 81.8126837837174 73.50280791676968 78.30209553935597 81.03490264455655 81.36099995775743 80.32181544120222 79.52453451692804 92.52419459975624 88.6431991834683 94.50850594817976 93.96980731698757 96.47450909593351 94.54589577671977 93.94731520077833 91.490654009062 99.44546400925962 89.33691908236193 
74.74944514701767 84.98784653503971 80.35554196689786 79.03610118609943 75.71989285152566 83.7675408393029 86.2566346402603 81.9553220058967 71.12971847002 89.17873021166976 76.1772544430057 74.663623686314 86.45786961890138 80.88406340903163 88.03276903302259 91.02666474148116 78.03190014267057 80.78013430809102 74.67497573190721 85.98048421124346 75.14198135277923 75.11547969111493 86.50966999768221 86.4939325691087 88.29578441477872 94.19565803752994 90.81276945294833 93.05717748578768 94.71850788044846 92.326923442479 84.08157097808515 91.1938191105436 89.74283041815748 
79.40465482569157 79.83380276104191 73.79076776454482 70.13146387839741 71.94046926709532 81.4951311074781 79.09126946457576 75.66631884812227 71.81081537160853 71.38788935977014 77.23749195041053 76.58889595637469 82.92449086744946 79.54344182781155 79.15659065511102 78.68005221559048 77.71791493576913 78.03219922583719 74.14557534161715 66.96383839771823 78.89088537992595 92.69709229072662 92.99229894144445 89.98777933506496 84.93153740924402 90.92750531165507 90.1335817603283 86.44436364036258 85.02876955873253 82.30518855545006 81.78885495441845 84.48736804087156 86.07351706621556 
76.28369000862372 69.23226101074582 68.81276388131809 78.67989274886048 73.4561482866402 70.86377403340279 79.58644912238077 72.64421998709551 69.66380684696225 80.72222547709755 78.36945067162833 80.32962814343733 84.61818674086446 82.39563128707348 76.41282508651497 87.59175757598713 74.83346572310008 69.24660237926882 80.38175101646311 70.71476947986233 91.84047182012235 89.18282571884434 92.07902446511608 98.84808065865374 83.93876289553864 93.90119307517668 77.97787240935006 93.1143520900221 79.90258152723288 81.85345028525259 75.11430687563215 86.13480404282171 77.70372307119942 
73.33460978099048 70.75785038147856 73.56411300083863 73.89210207676498 76.06207446003573 60.91026625958679 61.982844864415576 56.35236553141311 71.28793416964683 83.7685813030855 76.78309279329173 82.95927759508925 74.20135244495123 73.20999278249136 71.58705123142714 72.2062404522909 74.57159090131299 79.22750660200586 82.42274478254404 88.63260735723026 85.1107611591151 83.6076681464867 86.33035785694408 83.76594634918379 89.13242482910745 86.72918438396553 80.15998220066676 76.11730881900147 84.3861174356677 86.49814352574914 82.2118164298584 82.50061987438889 77.76879433109346 
65.37585887151111 78.51019561787619 77.40839094747764 83.93280511570532 69.49497509749017 73.88655144862938 65.81034332702022 70.10134648892931 65.05292776806496 78.54466586528028 76.3375879555918 70.49524892464787 76.60573415290699 76.87779198842526 72.42580891357457 78.46004869195653 81.97145781780902 69.64279546682849 74.83625904557923 92.33394706757372 92.4141595821846 93.13947965554365 83.92341098399619 87.57066589571805 85.47384910897594 84.7444976634314 83.28075053211707 93.00246849875265 83.45090125352601 79.35409797868586 94.50739715225941 83.89709747609632 78.15502028297313 
70.73145863473648 73.70861664887767 78.67736402336162 78.08951567311308 79.53011435426399 73.14051099578796 73.4831075101523 69.12367848304825 65.85043605887992 78.73994844157866 75.63382110859295 82.58528746201122 72.86199607509437 62.664377320492335 71.07300444655803 79.51725597485023 78.31633143406816 77.40130005359421 75.24895219645835 79.60364662890291 89.95454480228321 84.04285196326587 86.90135301360402 92.51718111807935 89.43625873705649 83.81476263985337 84.47922601083786 76.42996677183783 77.54675423549158 83.82904450360326 86.42891863610052 84.66596609687417 78.20216421399931 
76.08356085791573 82.83480953941222 87.17207115131569 76.50005676694737 83.06609727643334 76.072433165318 79.04748343139829 69.77583277812332 65.13335334285922 63.463869443655994 72.27598096006471 77.86300676378863 75.16861329028663 57.25730645953473 71.54281695617783 69.73463836079868 75.28394797628536 71.81824562978335 68.34681258141873 79.77378710587607 88.95132513004253 82.90794001368968 79.90885439177742 79.63039583231587 91.14418831668375 78.58703305517815 93.09845779390591 86.10080784538667 86.77304685463554 78.47016191876016 83.7191297597345 76.41583981386223 88.06622123010739 
83.78275026211716 84.02248818013905 85.3026886509172 82.06731052571128 83.90981587279535 91.45315503554613 83.43971425933336 80.31599527690162 72.29068280154922 67.90300148331627 72.60984440260518 68.99070416015022 71.65764422449764 63.0505243784347 68.44176951154498 61.89167675565662 71.01378171913993 73.9606081317221 75.8600003995358 71.38491038931787 79.87481198851432 81.21628184106049 83.75147462159906 83.05244355219702 79.65644297703884 90.70067564986695 87.35958285808485 90.56552531148536 83.04669831627228 74.0342643751592 71.6653471255287 75.34136292978616 79.47013474605903 
87.31779527364156 83.41091045364543 77.98827900430832 75.2495115671254 78.03703077761983 70.5082919226824 85.20741460923634 77.6748691690955 59.19419828209285 68.01644107253588 75.94923536979202 74.37319588777183 83.3275436721093 68.6975948038489 78.6495153481571 76.8749193769903 79.41674327353144 78.05486572597232 67.17586557082679 78.14824605987481 74.37365570035576 75.23507160456089 72.00597962660481 76.16375867514576 78.17436970800269 83.41486045315415 80.22056573425473 62.66088049763573 73.73488829059701 72.87208933084722 69.90250458033441 67.58967922672743 76.61530239817064 
85.41668688159015 85.35751700629929 77.61125587420528 82.00949180913898 78.17503814144841 65.686954273207 70.51269869359066 65.56786033140395 57.137298692392534 58.94190469094487 66.61428656412143 81.62423278503135 78.46931276635117 69.43528077503399 71.1959668644827 72.96968257231141 71.10810492077593 70.78492267202742 69.24363628532521 59.13103754199638 76.71803467479381 72.83433961182523 75.03886067108611 71.10963762693714 65.82665953797732 72.22863052582669 70.00264871128203 60.067258680472094 62.61891846035034 79.98802748330378 73.2721190425228 72.86043484922945 73.24757238652079 
85.81178880513968 75.03556086587217 72.57666174574331 87.22339788033148 77.65242660177154 72.23360738365366 64.27251467534794 71.6805048600641 58.02404159157726 56.69927040225519 57.81801518927453 83.75430662630694 78.34151382049959 67.81354903674571 61.06732721162669 59.94169292501884 68.03550625413062 63.66911752586164 67.87399582788521 66.23575065382177 69.6989005340217 81.24364580344131 64.30858860794163 63.46810743164675 67.20418451811457 69.26822882794714 60.390283219291184 52.092534774169785 61.06025694207044 76.53387336867618 72.986436479733 69.16725553798621 63.05128683540487 
72.95388018026212 77.3288892700912 76.98497123117001 72.30763060447492 71.57401721165391 67.1351463541148 69.88097325955623 69.05690455322592 58.43761153910857 59.31028018084924 71.17138484370324 78.94623059836577 71.86461500325476 70.1439965179002 63.26694832633592 64.66721983621431 63.74803260031332 74.823163429973 78.85118220707264 73.28246049608484 74.98938980795137 68.58410344266508 64.12240700766243 62.01327977621955 64.01208549686649 70.83155854376912 62.101064349883146 69.6821588733414 63.450217153850105 65.27362809603433 63.578343598146844 74.36154963762021 71.11509839856654 
78.81874253550835 67.62097980947323 75.29405253414494 81.61766424000913 75.84352513055639 79.83630828778274 61.7135294799246 54.71682360561994 64.73202367565437 64.76593657737953 79.20426231513633 80.55031919723301 76.07982338412727 70.0065945665762 69.05367480557405 60.696973178643375 60.04999736755545 67.47172058253504 75.0405191957228 84.66356159401441 80.7865311696897 65.81661670279274 64.93709522708193 54.8181086994524 61.65589632620919 69.39616056905751 66.99560538841709 56.164497870276385 59.049038045704876 53.5937810269061 61.99147193166873 65.95689288699865 58.6354519780634 
83.63406704065898 77.55657695031991 72.59545698309948 73.50375980336548 77.37595050394279 68.109093980746 63.537083370257506 71.32415421744314 66.4535524241648 67.25691758322068 74.02774101650517 80.45621533687444 74.04201726470023 69.59723725478781 67.32167265780858 65.84328530339366 60.36226411782994 80.97948315357783 74.75777400929539 78.3459625570845 77.87565448038973 78.87770054267966 66.17601162809115 66.30246935941071 56.42304259000887 63.059508098078425 61.442711286157525 61.79262511949186 48.05199450917634 45.80454366770683 56.072190411845746 61.73659232447936 64.258416534444 
84.00252148138495 76.30310430281502 69.98014709237074 68.8571093119209 71.3922689852789 61.51930846209778 77.47642427544221 61.33442156902724 71.33860238430233 79.17644979624541 70.28098602378856 70.19204281018399 72.90869704435678 75.19634245400394 69.78167063238618 71.3059381046493 67.66138801234513 77.01484222561703 73.12520973506113 72.74609495318687 74.53504457707635 73.58651287121644 64.72620138744816 61.26799752406926 58.337448202736205 59.38524920999281 58.70112474609344 55.646033642830005 45.91679299621425 57.148476831378204 55.05818030276953 62.694894497775884 59.794000369855 
76.40141701664491 81.61998852359298 78.45646716698784 81.5902698889206 74.0955649676693 75.24126648218936 76.31735019568984 65.32219882902406 65.58104948254669 70.52716027251174 70.19582742256438 68.59057555145444 64.14111163331371 69.76447528616653 71.61002246900966 67.91785832058815 70.59220097241196 65.97809231672619 62.43067410016301 66.97335127812951 65.92006728749436 71.74749817870526 72.60147436056374 63.56646743757 60.579734440658754 58.042696880607345 57.36370965494111 63.61127370630331 59.49412093336572 64.81042340966627 58.43895440852273 53.3408774941154 57.16608358378958 
62.03100081667998 70.54125146982473 82.3055727932154 67.85337728938418 72.11709362832796 72.72509235840222 75.94233609290842 60.05357321988029 58.65457660331616 65.57202086119597 61.28550991244192 72.70833104905338 63.87929318936587 68.05548523074751 71.19462067048624 59.06113733702654 60.22141053141224 53.96734667581079 58.34978382973062 62.72238370053587 63.207009187739445 72.47795441832994 74.55677289379295 76.21539296753679 70.3999705445926 63.526891537460294 69.17608975429744 78.06189417730504 73.31961619650647 68.08387026907168 52.32284663465532 45.718975602853675 49.505798552255264 
64.82396141836833 72.82338165147519 70.37082269372655 63.32523866529693 68.28555802910557 66.65928672889481 68.81159944090237 70.26847089526457 69.76767785823893 71.78251870470976 65.73177383409514 62.8090305598401 64.88018242432692 66.72436479672525 62.21692702618789 55.362308996450295 55.7929495705749 59.98123120252386 57.523719388788706 64.15936238822479 60.448742257696225 61.10210561547904 66.14220117468363 70.86381004241633 76.30241283331046 75.68256207584264 72.79828994267491 68.81286176201112 70.350850138727 64.63549907778334 56.33511082508342 51.53187752887894 49.31564809728119 
60.318685092222275 71.57841661499825 60.66036868107375 64.30835454576967 65.59809375247916 59.670226525072195 55.27659484249305 57.26182627072402 70.89020401837443 80.12946996758146 68.38452611205176 72.53345841087378 55.427517442645296 65.81510671762133 60.31960284142177 65.02879335472144 62.52111958996344 52.904957710425116 55.06573313907229 64.00871475322285 57.6206821442166 63.42151526548476 59.24789437855327 61.35145825765928 79.20731225228022 76.78594718329887 78.72347563042739 75.03501212341597 65.36856075622316 60.10357392862237 49.06642637478359 42.90512358897266 47.91922839690124 
64.75556257954919 64.04495442369203 60.35115438850681 67.71568194916209 63.94917803008802 66.92695663231906 60.62447008873407 57.1862998422114 69.0798048532452 82.18463719120116 72.84767968786431 61.91257835555852 62.63153131107579 66.0298131886472 63.544458099430855 64.19894327390804 58.73644758472562 53.104970805380376 57.03899766901253 49.17834351622621 60.796304944421095 63.18347534003412 61.12942978111478 62.18589641798698 70.92132997519886 63.96291928967743 69.24486149735567 62.7128038522562 56.53329569405687 57.655736044578724 46.66823432216601 38.24369819055656 41.811480965594825 
55.39256613592664 73.64171114909028 72.12492653298376 59.09619928917604 64.59248791525081 56.609529882059775 59.331448401525485 69.99988539526677 74.22709837084895 65.72628906088916 69.50048900653232 72.65356644317038 56.60452061627879 51.57523083787371 52.84465638418129 52.63378921761037 50.9044288870536 57.05782357163443 49.857025235020075 56.95480202797883 61.12442215222677 65.09535112854996 72.43779456038081 73.46695424403191 70.07498624757426 58.086866432536304 63.15913743539739 64.63150771045387 52.315592623724655 49.57368049780762 39.649873392335934 33.53016509672187 31.203614155051078 
61.6471587156017 59.18590217528252 64.78538258000205 67.58222474624162 65.78475773683428 60.11821830365702 62.10023475400192 65.82254407959998 66.60118851905638 58.131557876477785 60.75940461463653 55.286792370477855 62.18386005050213 61.277935318165106 61.49012173136534 63.446667854812304 60.64630654591099 69.18495108223752 58.110835084739776 56.13686142712049 56.927512660251935 54.03411191211454 66.46334516713355 73.1159699474733 65.66214533021719 57.86668303832388 54.699467311429935 50.1775125313288 47.72740644317183 45.58554885189161 42.85704112754075 38.62878718881987 34.04012703239818 
67.83423200871374 63.11453535880813 72.91781004388076 77.61438950637825 75.19345383588904 78.76194395896599 62.71084772942261 62.09848085748887 65.48712027924063 66.1724971216859 66.37527408151479 56.08124385805147 64.57041713744624 55.107403591333714 66.9525489163835 65.47390153634665 58.42236902820471 53.45252010746448 61.89437186245277 49.51840063877736 55.048177207446486 53.1362514344266 58.83646499586611 57.84769089908133 57.80772603631671 62.20031538938153 49.12699639830653 51.154361870720045 48.56617747788391 40.76804826834369 48.09572643761793 36.48610951082166 42.38151813114711 
62.75089660659348 67.43857546720831 64.50426400166427 68.85589168253534 65.21792490894292 68.05163621807542 76.26308378049 73.13269970310803 66.54675502501402 65.94524398177997 69.96226870636445 65.72795838882874 65.43630988994016 65.12212632255353 66.97260835615418 59.95181920600861 63.14928001256868 62.26309440495714 63.78438253165385 64.71333092825827 60.42659684349134 54.294106519651024 48.6271677674484 53.47394072844089 56.43754411887592 47.55867536928709 46.80234072352494 49.090829274908685 47.511753441561865 44.94133768873991 45.87994443735853 45.8252088406758 42.020870700738314 
66.06460101268914 70.96584631657073 49.967780336470575 49.334195105419326 52.04568044021071 58.011717097112026 61.731570270971844 77.39838526181869 74.8855090476808 66.18169002131555 62.99762677761906 60.2603266397512 65.44025078066039 74.53107579193215 60.23753644109546 62.78050963374977 58.281247731656734 55.27378631233235 66.74755413568855 58.73504166350681 66.98676644726716 55.244633679668354 53.83326915989106 43.844019241101805 50.15390528583163 39.935909755396025 41.878301533917345 44.17333185775548 31.075872625580658 34.35077067627379 42.72874049511326 41.743324462420745 36.06764579464101 
69.38951332276545 60.60360742378383 58.83861922610143 58.561885382191385 58.511162709709765 61.48032752508543 65.18967664406664 63.21491791993925 71.2109277236236 65.66277039908618 63.522114260065884 67.50806492040262 67.4604811673317 67.18587754182998 61.08871150436532 65.80034360233333 63.73819335722142 63.29863983257451 62.999437142393404 65.24179505917013 69.29298974873682 72.89129093609824 58.96011055203621 43.87867981757367 49.08303682466724 44.1820216786504 42.00354060705729 41.96941812037243 33.57070960993193 32.84332445243667 43.06208387519445 38.26699185541814 34.61104507416712 
63.88220281867446 62.75364672706041 56.96734931570957 51.71993609031916 62.59015980412981 64.15636994184291 67.6948412952861 74.9082827107141 72.10719040348516 63.720466386004425 73.70755145851993 70.24138030167472 67.43536854533548 58.013591953805744 51.712434538520284 67.41561010558907 59.89012366953463 52.79690534462848 63.55978589216172 70.39302851135086 61.73305245306399 57.580611733016426 57.05932678689092 50.476414766097825 53.66401903260345 52.43370130126097 44.01030536732608 45.97760942632705 37.6881848858154 40.16684000115316 39.293459800016926 44.35534697506188 43.13295837374306 
62.08917637120038 70.49027432021862 62.62781611057228 60.43523313813411 63.7488924959576 61.75056466116108 67.2346501023348 66.55886743136124 67.73804981043381 67.57393041377674 70.76843193754587 66.81155688430883 64.27001557664343 61.11370018874452 54.24908059016287 52.7785790692034 61.32535489639325 67.98757999570581 67.58928799709986 63.25687524842746 59.057609498810855 61.55355991183344 49.42272361123835 46.843590918240864 45.13524148818502 47.245285301948 46.288602645502706 41.988190870661526 38.66788601485078 38.38612747331195 41.41821641941081 34.51533988695773 38.75467096297461 
53.09267657689323 56.83859044948871 69.18302628827334 65.30977816457508 64.81969664525941 51.096433405593054 62.3938871223089 71.67168079468621 61.339155415623694 58.93716343072033 73.27879957255283 60.28845405842512 67.08775486468559 67.26409970703439 58.37130529352943 68.65104108617543 53.85134130340442 61.98465507274101 70.75132502152871 67.1984390845382 61.74273012711552 54.93882320572064 48.68516102363087 42.249120244629246 49.79486549320954 38.64890111379256 46.93595605435772 48.78442712503508 42.72820602587336 46.547529462567674 35.85637088914836 40.812912141775556 50.05527111993668 
57.835244692178065 57.003515885893 62.87906382299671 70.46278998407986 66.56764676662488 49.1408750759413 64.68396895502741 55.915181083800036 64.34675265163547 70.19923571188342 68.5191172091007 70.395400850085 58.09360686452969 55.8515336836836 61.12522984264154 61.91613794864221 56.87862904941736 64.17647652979738 62.873908531094955 67.94359530502592 58.61519197507131 48.36575847124598 43.61203843883053 45.35643366955147 37.96537198261757 39.59191343523275 38.01150103255376 40.23164233102631 40.88825596623741 44.53693501308543 34.661470296023055 40.10716253003802 48.252526111852916 
58.39118958091286 65.71809445609803 62.8511875957455 78.17234551484965 65.84867273461093 68.62609705468438 60.713995056040304 68.09873594241321 63.37462273968645 71.8772789524312 66.75857900190277 64.06917996346877 56.90878858778915 54.09742774732897 69.03839438520583 65.53160392788133 59.92188086980403 62.70037866462593 57.07104126883878 57.41961733228965 48.39117299571914 46.390965937020574 48.28781643963426 39.93700006089823 36.24546045377079 41.180924624607236 36.47363766667577 48.31285775117614 36.13927892103873 38.914632871617016 41.59062091968394 50.388202478862794 40.27193947130953 
63.44990752390298 74.31312862498046 73.89712146724787 64.02408421669523 69.97968825939589 62.26854459479142 66.57408695098212 73.8438668761 62.02644949700588 58.50811214643626 56.40340822830927 55.90933065384742 65.58545941028233 74.97390174845592 69.46238588980131 74.40131723816238 60.177357168743 45.0048812756302 46.28173416067946 48.03995961576872 44.070777457795906 37.77329152745796 40.688942469227584 45.058581348870725 40.464180947742975 49.55544479752002 49.54962050541364 53.226945282072016 39.262258361326886 38.98773566430039 48.39865666320696 34.11976433337778 38.73840364329696 
