Exemple/4.txt
ncols         17
nrows         17
xllcorner     0
yllcorner     0
cellsize      5.000000
NODATA_value   -9999
41.15445392057507 38.99994670018366 42.09556252652004 46.64425883919834 50.98858238727496 64.69105969706169 63.130926440343075 71.08121933689513 65.14648962006191 72.192580868556 60.875598697073556 59.53957961753085 59.95590319400932 58.281979144168254 73.1757170613107 80.90848969765919 72.2208179223586 
50.37781768321184 46.02395588756802 38.43525001420679 55.55722572420504 45.422390456476265 56.50312538669435 62.35055325433514 55.46522157978208 64.39754695676339 63.739912351956264 53.37504686636426 54.798454178616495 57.427295937678835 74.82194611146275 67.39687195560313 68.9672094575165 81.0924312008548 
45.42903419400896 39.83660704561372 44.70316532394447 56.04544348802509 54.657147454105456 44.129341000897725 56.045747384449314 54.58196672406457 56.63817183922838 65.95760436101273 55.320400160619236 51.93504032616663 58.89853666163246 58.056511830732646 62.378800583735924 63.651512516881894 71.86159654417777 
46.642773760967 51.74031930299647 38.85742149842868 56.280190568093715 54.22549404008966 42.53040295126883 57.62189468078248 53.01617874312572 55.82725837906632 58.7219281748517 49.36726190467881 51.32270355204939 65.0847139753454 67.28277040268276 71.71764852039321 80.15075624199353 79.07211074673818 
42.278064428518846 45.672555229032135 49.00658216656079 50.582919287335116 56.68425706899183 52.31370200464352 50.09055056642022 55.67868107106297 53.00256479028489 56.65566097836526 55.1113689549098 61.994328915063726 61.415619511037164 61.78424392658012 75.59610652731796 83.29298020157279 81.32917946725723 
48.135540701494904 56.52717766872905 49.83041653611686 53.44487430382968 52.227719700079746 59.07664980930421 54.86109732049403 56.71002475248903 49.0666531018586 55.57233143045019 48.873186972353096 56.1389484622028 62.39457072729407 61.95661550325387 79.6765685481268 75.10476394024174 73.61214476534086 
40.661749735225506 45.48638728896521 56.376488990385226 59.985456494597194 59.67776557194557 56.36597449653702 54.83552765274031 43.32250813236839 55.3114261967131 65.11390240635698 56.49723005524724 66.10133814038939 67.49220021314993 70.87105414367576 74.702839991998 83.20108130410293 79.49653734831944 
56.393852823713814 46.887463166020865 66.68703679365075 63.5621437382121 59.29060853435546 54.47625437646978 61.453379757063175 56.65506698551004 54.648972934351484 66.30111022093045 62.87357298375508 64.6306145616525 67.49433695012337 79.8093662913968 76.10200947376012 67.00902664679167 73.14501689252428 
55.58213201952904 57.25114816644489 58.58305818195613 55.810536698948276 57.28654022331292 51.396791585955384 58.67643021663941 64.227184615234 60.96139946213012 64.63379446005473 67.38170406360774 62.173014217956634 67.1994325938659 64.73637721227192 70.97451112530203 72.06181579228266 73.94873949752439 
49.902641069622376 55.93191430322821 61.071710814643964 47.969297275203 59.163430394774075 57.632409442749804 62.13554735165049 63.96744143139592 54.83464973423835 49.175435747713585 65.36956863421817 67.1882402366307 68.18037562916373 56.8298096419458 72.54755570192465 73.66316528443988 82.05343944635 
55.31814866388676 61.922089339049606 63.75240127223708 54.47571117406748 55.54107976528626 65.23998575471188 60.04338770725386 59.13467515754982 57.41338427657716 54.11548715003315 59.09062941793081 56.97239969372582 61.16083795919159 65.58252881249322 67.59710181860916 78.86640222732393 77.72027180830493 
55.00555923847223 57.98039985849114 65.42294431695953 58.988879449402965 64.98735484424397 55.24933484504334 56.44929813366576 70.67056604518642 48.396969328770396 64.08014434615674 61.024524359480225 62.135244163953246 64.55720611177453 65.71914094007582 69.79261714495377 72.52321643730508 82.9403708226776 
67.70439117114654 70.733942799107 68.87671245609197 59.8023904709479 60.02064630123059 62.10498845352306 61.80554885148693 61.66738577819196 57.98292422090232 60.38104545885558 55.86701372562389 56.4216716847817 69.61305288283324 67.4398829006288 74.99961649537707 69.66070129980459 73.70832113239639 
70.96635785395483 72.12347726780685 69.41437134424628 63.54556908202513 60.81322279851531 63.59955133948523 53.84621163363924 57.74856372140674 60.70220770388915 51.70359241938795 55.751852700673844 66.18036649090051 73.11587762188189 63.956690540720174 70.33451626017533 70.68409589091522 65.85769040080321 
62.55214197728993 63.10377640072844 61.111916006054045 62.038209493118 57.24246808797378 58.8645218768349 62.76129390851793 65.1596080233866 59.37366028085802 58.143238706869404 62.20845625608953 58.594453498505175 68.39329031879569 70.86570769018344 72.76065672885444 70.12884092807711 67.65548839605162 
67.92855914257298 51.59878352679822 54.227630315834176 61.42890740123006 61.428715868425016 52.961682609622045 58.77968922098265 60.77166879184629 67.95672000510623 53.366745995435245 66.6732803348875 65.8608239384093 72.8036532478248 72.60636675819501 59.05469063426072 69.4763870671701 72.6179873582841 
61.21032692328715 63.13415049865864 54.20608374225101 52.07005639901374 53.62598353256455 55.27141012840693 54.598914187380544 54.502123002381275 64.59823152796847 74.20412837460769 67.07907866676635 57.68588732138429 67.13658530555817 68.3692124461287 54.706322047030085 57.94663535309252 60.62101405291836 
