Exemple/5.txt
ncols         33
nrows         33
xllcorner     0
yllcorner     0
cellsize      5.000000
NODATA_value   -9999
1.9151491542216847 -8.319348307966058 -0.15974935720631045 8.376915571138476 15.507617672284088 14.47174724572749 19.142034896977094 19.04080486114499 32.335317321828036 23.958017403605567 34.604535812277405 45.780430985808074 51.96649107359377 57.32953548135567 60.52449747079204 50.26675106756148 56.606140609541015 51.51274353006401 65.45355046648636 63.49655192372438 66.55975890112452 73.73823569237615 68.07970886963153 82.10340993999645 83.0957151464755 85.21243509172068 85.89860414616143 81.55133435444267 95.15088691985876 92.16873122122323 97.48278714146645 102.56284888356306 95.65934598752249 
-3.199182203897985 -2.067122938702254 1.9964719162003943 2.9330631611793585 19.255505619607483 18.184431310766907 17.811449054057242 30.309238291446906 34.06611004038584 42.92494308627885 32.65791813504741 49.96237061371383 58.15654185047642 50.3772085122656 61.37347727772917 50.26348002867335 58.0130834673857 57.825125253723186 68.38205253706177 60.705114606150396 61.814450839097255 71.31254179281365 76.42525902115457 71.51244458274793 86.06943564596352 91.48095785815835 82.99117634480521 93.70690296994316 89.11563169605165 96.28938879428198 88.68823015693441 104.95019639485778 102.08160950516682 
8.059029733701138 9.531549217146274 11.992380812573941 13.635814995846218 21.3555000107567 27.314467219839234 28.139405229319106 39.70873895713304 38.69127806725584 28.736842408261822 38.42479742991792 40.06089242276788 58.66742352293321 61.07978249084949 57.279954682045364 56.42790968402769 52.61437219606291 54.784195858159606 64.71431188812986 58.76444431258405 62.32564216433205 73.22099868316376 72.99063828948671 85.17799342312577 81.38425938031747 75.68500413164313 85.57191165210526 75.99053102280794 85.45971798301076 88.32768508593668 90.953005628661 88.35336690485084 97.09923828523733 
11.279711663904648 8.289537944446298 12.13327054991119 5.792960688023685 19.447205948567905 25.118273398025153 25.09748588779601 37.58564192239852 42.29759585491257 33.68756646699613 37.90163508548631 39.04591511692985 63.858035647549706 56.257385654754486 51.018195868386755 50.18155951875018 58.801933350852735 49.84001794023975 61.13195381308749 63.625384442843924 62.01579149404813 70.30435729035378 66.66107202013343 70.06948039242354 79.90403879193501 81.49804240295936 84.92970396634344 78.28366481706148 90.96570272122506 96.4039587201728 92.28149765655536 89.07158370168966 105.12154812165011 
9.056072564261438 11.129583172236808 12.170082535451744 14.5145271175521 21.858737001049775 32.637524073399064 27.242297380064127 29.64118159889259 35.351839238057316 38.773702114509156 40.672132881584766 37.07202795112259 46.70332954702096 42.56025193381281 50.84247518949262 50.068349145801996 56.258520132300404 56.06121451670118 58.499497838602565 62.628829945301874 62.463050191863985 65.930739820121 59.960494080352106 68.80927771198807 79.40423385467321 76.46381482879869 81.85129547092265 79.76848537940174 85.96940446485512 92.72766730902597 88.37859460194284 86.8105823995893 94.05981632565005 
11.51692215987836 3.769460309252974 12.942824886234227 11.497764424642618 26.46039489210888 35.25040710421135 25.80364156823333 25.168783423861164 34.1077898909124 36.78228671410486 35.49820342881526 50.27748988426807 45.91528945094953 56.90060215427266 58.7447077242105 49.79043643603598 56.835395086518986 68.20248468797874 57.88725024170435 71.53928118741906 61.98218544107025 52.69325853177843 60.870759231702394 61.14948169543038 66.77268950202412 70.89097299403485 80.03064864825194 86.53910601300562 80.34739977123239 86.63097237367167 83.3812171003635 94.32063799389721 80.3361671132231 
15.402019505370177 13.256760207834377 15.529545092109434 21.504211234875644 24.206278558829013 25.888637609007436 32.106042882802114 37.68436282244959 36.57912930193922 26.282715008560693 32.94236538386875 32.72589136734656 40.25981279666338 44.76290899314937 45.05913100101778 50.832026383966294 57.67926752471526 56.6442588041707 57.10849428559139 63.99768541958838 58.97317837431951 52.08706751926748 68.58273254363023 68.57463885650604 69.04206370298326 77.63581203582274 81.47420768830408 81.90431726805284 82.16352772317464 95.99017643406144 88.14301339335695 83.19937374038108 85.03324862497017 
23.581156766175383 14.094590625598114 22.37659736362968 17.91637809368702 22.32963761465718 29.876297186299162 32.103618083269616 37.07697939808254 37.387905153495375 35.98679499906383 30.56337995724413 29.86261669387167 31.49215891853412 49.36142109249635 55.65136632339191 44.808884159224306 48.66230226733377 60.03974789289597 54.88973467897943 65.11587941276314 56.474813269612426 64.9075575786435 59.989429451083545 65.80245472600637 69.87308594592594 66.097404583105 78.04111155262592 71.85699389461467 86.65510321918664 84.08505740736729 82.54950635240019 84.31713147573102 89.1661756714159 
14.042550234442414 21.022136781081997 23.64159777554589 20.064493352933727 27.15128621766427 27.776332365467006 25.47096234127983 28.612554996024173 31.238367824449984 36.872372601415705 35.137925842898085 34.35966321364642 35.04737657432746 42.960468981971424 47.56938501952709 54.851999106153485 50.22692700676343 53.19422106729478 59.539929388032746 66.67863137125525 65.86757450004757 70.3079128701462 72.87494492475253 71.46831182950166 73.26023619005248 76.08573055889431 82.36942572281362 83.67558714475265 87.65802203702575 83.84679190920984 85.91504793135314 83.40091852495055 93.00300775364883 
21.986223536825555 22.08377831844014 16.878960926322243 22.279370195537798 16.433533100795252 25.756972624471807 23.217314503132968 25.990302013492343 31.09398353452981 19.088362082572417 25.672146741892554 24.316198892015766 44.144985947387966 45.36811919381508 52.22306098982955 48.2554512382156 50.82558718335014 65.28687763243913 58.467001605862905 64.287225113587 64.37496289679365 65.87841153058697 70.15596471080683 68.17300727608423 83.35094215962778 86.54982726615282 87.55412979697849 98.88943652102978 94.52020758710003 96.30009454900222 92.8397132366332 91.66380922306901 92.96481274870665 
11.894276480001496 1.1102205714850264 13.412554975917079 13.002972069235781 19.23908436869224 24.952824916812673 18.697988047802774 28.34436781970563 28.167894890599587 26.77403751848714 28.56556554605353 29.921136922081555 34.672893982248375 38.95626084585932 46.268099771176836 52.75315686500123 57.031276683019954 56.93187833814291 61.33735248614015 69.88790425494412 66.91694649529512 57.324206887990606 65.89699284272727 70.54092774461171 80.64444275589649 89.29415017591879 88.4544786453991 92.98383407980546 95.38196048501717 98.95020862368764 96.1107409522289 96.44244278135423 93.64103982592933 
4.380930021641806 3.0629855273294915 5.580243861156309 11.198847000058269 9.686902147983664 23.12441447505733 19.58112009207109 33.80175416250769 19.714254532721558 26.36997786311867 36.01419075719505 28.653462063437722 38.1304210807039 50.714197309795594 45.328819081861 45.38332830906185 57.22040943653337 50.94726842314191 61.13570679094789 54.27298052105545 63.77716650389489 60.96594986232191 66.644140309077 74.46512787157371 71.58142695853698 76.58842249388964 93.41472974083399 98.00072455243142 95.6756176660231 89.56884918723196 99.02388174826254 97.90999747579781 99.21359795052099 
10.41465717394558 9.01303569565523 4.720446953650608 8.704029786501435 15.328389256513386 14.104037350909168 22.882545318464203 22.766092795570977 22.377628674279144 21.620707415299538 34.04474527694001 35.489675284874885 39.46211800667575 53.10806395801495 54.07936734176235 55.07685416477887 55.88625379352363 54.797166729831915 57.16629018029978 48.36526280654228 59.17967993234625 57.23504741481848 60.71629712739599 61.43202621853915 73.54182227805944 83.70313619550069 88.41127893121222 94.39140142306796 89.75082752036084 97.59899938490403 105.13150452937009 103.23045571751304 103.25168421187996 
14.150656717074822 15.982618279870199 -0.651581563642682 16.972284679420525 20.487869668413257 20.492102161943144 15.074427057879653 22.279193718367058 26.25137105086857 30.040914701709966 34.47419197753254 36.35757623477674 44.85824457422751 56.15092763365136 45.213417448079305 48.94314471357179 57.4591373527645 64.32250639222912 57.877648629473455 61.402959367424835 56.46504924784543 62.87583574200116 69.14116877976973 64.58716743906913 84.17858208407367 81.31262411112067 83.06051152422307 90.31944640754406 87.17396822092587 100.15191111528713 107.20368014161065 101.52734059378245 102.66448557154335 
0.12399321864595869 6.591508605148212 11.531235076965988 13.235023346191223 19.57431928375027 19.13440960385358 18.123469452543354 16.007994702579047 17.116206958355313 19.502379289289678 34.48472767108863 37.86316689401774 50.6769088190097 40.63810991842149 46.97333203542094 43.374944391587896 55.29930742804095 65.97548997390328 60.24501113453971 65.9844975728807 59.42260504807598 68.87536656681793 74.02476664813658 73.81350834965345 81.0116984369005 79.16545975313107 81.54550026707793 75.89264212908691 85.9844829120393 90.38699641276489 94.47764322929959 95.73583957616935 104.04287045249305 
14.005247154176576 -0.7206568273074927 8.770937335222555 11.102835168577386 20.750752765836857 21.407421702340983 13.94232600078832 16.264419922051427 15.625028253132339 27.59666897091305 35.597339548751236 37.323786206497005 47.43074049631029 42.66604959769133 48.12457809752424 50.01625262499514 57.72284791014582 69.41853618759544 62.53644345586113 72.62125362058771 69.68297139174175 69.4553294127841 73.30547184577844 84.47939799632339 87.2725378000998 76.85077606432655 77.75532553634066 84.96965000766878 91.46157761779043 87.02699193699239 105.2537657617302 95.9202831141515 109.69443174629129 
9.685136367687305 10.974032513317866 5.594761106295692 9.146023955238793 17.006030119520553 15.177729389228748 18.149384596735246 18.648430196412427 25.05397206236866 26.456000274209888 33.00831496804221 40.527714518065885 41.328441393428086 38.85159739216299 41.277097879546886 43.982744566485195 58.34102510979932 52.41618237468104 59.29004105812348 62.34100248071158 67.91590247623526 64.65489078753873 74.14356590496811 68.20542949648755 76.20846076988111 74.17145872914388 84.57813138033771 87.5359083232479 89.4925229919503 96.56856197304933 100.0829839162836 94.20050486627116 98.218482130705 
5.34782749751356 13.4798349007749 16.23641398176239 4.7224270335285645 15.611608985016185 20.678297131287753 19.672845586370755 21.946436143817927 22.737375619324137 20.56929961492558 31.342845982706745 24.297805210636618 36.48897241910794 32.950417819620235 38.86330575394227 48.57213577628666 56.02677407366242 57.37997765509715 50.280167902346875 58.658870167049564 61.02359646910207 66.65936767197071 79.47754753730996 73.83828038747077 65.97202869902426 91.39920176908609 86.9498927430009 80.02504982520733 94.72386015192262 100.93176180448219 94.19243786009378 87.52597885725103 87.16528679809367 
18.776947580428914 22.313929232495518 18.070678569705393 17.783312460588334 17.614294750389686 27.60315963050516 22.194559937508927 28.84973890480148 23.711571036767445 34.300249513752554 30.060192948828504 20.551408985785407 32.878322552583306 44.843656069289324 42.06622268028954 45.25676224947663 49.27418360045883 53.67119531341829 58.901667796243885 68.80822500186403 63.96766486132711 76.4728810751653 74.54630089470211 76.02929795726973 71.82365186253182 79.93002172015133 84.42673415571241 90.16898748082716 88.08718470815836 89.70326576676564 83.97881225435003 83.88173894046567 88.47841464846529 
24.6573578563771 22.179141385405252 22.154667208964035 15.064379435330368 15.472639109165257 17.009686775573364 14.038456390572811 15.42604258462547 32.8325618475004 18.46854520805472 20.76154461973259 18.473261657945407 22.95523149483052 44.228868201656816 37.85831739356084 35.74633833827611 60.30298362248985 53.12321101554752 71.65806145209544 62.3412828569149 61.317317617342525 61.991718924808865 74.79820909506212 72.9812075011056 66.57758831572654 77.5250726337483 80.32049215309597 78.70397930970223 80.81741780621122 93.07213575788961 83.30130514851285 94.85267101718466 89.5499202436253 
15.98071244957525 17.74869821333594 17.700236781649593 14.768082988320916 19.928515485881746 26.21310850659404 25.064555201511684 28.246121750730097 27.19310097884743 29.29624397320248 29.416951025516603 33.95831978017514 36.362286145683925 34.77902315077142 40.987578172447954 42.19505559223673 56.671990412791224 62.32916853281502 69.28034577809848 66.7149214549762 68.28409529371626 72.25097746294546 70.07917945579459 65.80734711975381 74.05166606668013 77.44841262279857 75.56063997718853 79.12366084132005 81.33288045802733 77.3042678768548 87.1238420779076 86.535122441821 86.0173750626648 
22.41539254651626 12.314886521932763 14.356844867965675 15.388283814695118 15.826194931208414 20.346955636258684 26.47878015241439 14.571627727823616 23.448856311401777 42.615040179843916 42.407970377700444 49.35235560127032 35.26156279116334 38.35725266333837 46.72868385449583 53.62459491032399 56.48775904166666 69.10418889071025 60.39606967118043 75.11142242072899 75.53970150900726 76.48326750902059 65.30629922120177 74.05644558028871 64.63654833728329 70.63621899819188 70.42997626558648 77.28742749861539 78.59406709110024 69.76554263757147 87.17213410371565 90.13058552065729 74.47609797140646 
13.567622968601283 12.4724477326168 18.638682688446956 22.237064714728376 19.779581348161017 29.96112857321577 21.954077689903464 18.87562509365644 21.45768075210735 33.58534366164355 36.47798290920328 40.464359283836195 38.28849978278055 29.251778298519387 45.98871149301504 46.35342724306823 53.927860879134414 59.28050686489674 65.89061218406684 71.50003429079032 74.3250214547163 70.11904667939106 68.79104802710145 72.06215138890104 65.4578058843158 63.95054510267531 72.84022522693797 68.90930078576646 75.37567912780378 73.88974750270751 80.08418759675997 81.64682093848947 79.33091110900607 
14.386308148573463 22.877229623573232 24.483184112897128 18.97628951118142 16.307768297177105 18.648956731851147 18.314071324748795 31.474997771147198 25.230561827703546 25.583134983950742 38.555781916971526 44.96774583389006 38.155176921251496 34.56163507436602 48.933669199134 49.0491628833405 57.38494887847564 71.85472357258749 66.75688916916536 64.34328825036368 82.63757073483842 68.78527454258246 59.94026562781467 61.41678711718365 75.25379200119292 76.21790012768302 82.19059121453397 71.34785334948995 77.08077286011151 85.3618213735158 87.16236984807526 82.69010206442049 85.27455477859276 
15.534058257201362 24.35951509257311 23.0590586937856 25.24260023313741 22.312565455826434 18.011107039735073 27.035435944422233 26.56007020299144 36.432158691585585 40.175497990690715 35.216822788609676 36.143633967958905 40.44787906800748 51.548390374577714 48.68908334853959 39.493444771547644 54.84186337041223 68.25062605597248 70.30645935979322 65.6394217327925 72.78815423252348 75.22056261789433 65.93306855401023 67.49828676626638 75.49486926976194 69.05255879571317 72.65646003723083 79.23438868487884 78.46319195928614 89.97838677148943 92.6199824135527 96.63851622743637 90.6744644194781 
3.9967795857091204 20.64453797152622 21.640099497948988 18.05728311625429 30.427894608051602 34.484921989242515 32.48693487373076 26.04293994288748 34.93598334379291 24.90629842120976 29.49250221066994 28.71517595026769 37.99473625326478 45.92542464020684 42.73722903771678 53.90682031790423 56.78214823979857 53.833402594428506 66.43897855076153 76.57582762915344 76.81388544212923 80.28922769119333 76.3882071564058 76.74903481971899 84.57401391017814 80.89670531603885 74.01151367293164 81.06143024665363 72.62864595911586 69.58488521319022 78.10410921431603 80.63396271873431 92.9364740948673 
9.186857076483236 12.643710771047044 18.4642595261134 29.85064504679754 33.11444062339831 35.501623619655845 34.40767672119327 36.97374418998366 34.67847235861224 38.76858562082661 35.25367261926774 32.6275261202083 35.179191275286186 34.388086914499766 45.857845359743266 48.69452674126504 54.9491896566642 56.58651592935439 69.34971574780212 73.26016558058853 74.21388144401689 87.73182259138613 75.80935789743796 81.3301768145971 78.3693254479896 77.44987263224854 75.57261118981975 78.64256448866769 73.83325930427131 79.65253305376854 82.67057957821565 81.72750426292438 87.5452130782749 
17.976322396038498 15.938442634404273 23.81661002754461 30.645130026178553 35.738533547942055 36.23822444746347 39.41993676026787 30.20161510290408 45.28566833636556 26.853056776020555 30.786084885701108 29.87685354286623 42.89589424987575 42.62634108162554 40.436954717022985 56.324855132223625 52.034543761698515 71.982222928802 77.86487660226985 62.85230514234972 76.260839923746 79.64091039882376 76.1172490822207 86.52664772447129 73.5575985108718 75.84262780446888 75.40776662847958 78.28219147858468 75.69081112355474 88.0318224631806 83.54341977808517 94.02443542589688 94.06220605900438 
20.049516274641746 32.08656603561934 38.01353809704944 43.08100284060913 36.389719630345326 47.47973163550249 42.486772157510856 44.76032205204448 40.868818975847724 36.86619659027021 43.336114729046855 43.09504222642366 52.030086164403876 61.18285557459698 55.97060997067219 54.4414234893753 56.74989363355626 63.004789573787214 71.09822663330971 68.327615311697 66.24311826475676 71.527868445686 70.80803386124825 76.52308554725212 73.69035557316226 72.76584808336159 71.50924975078486 77.50421941857826 82.90935973943265 84.48323554144616 89.05989626084869 94.81241612748636 92.25098243140732 
13.937318052073845 32.85158054765522 37.16826343699826 47.820206011952166 43.70735802611107 46.18630722309604 49.28244137354888 39.57419781714613 47.62736408111475 54.468702317311255 54.44150506841453 49.720512980912915 59.54338892205277 63.67719477462524 50.09823644406627 54.47941884722683 51.98671994560132 53.959581315423065 56.82509959091335 69.9690030594663 72.9071711714931 63.216093979720064 76.96648192039689 71.11694621281133 70.58746135386424 70.36600451367316 74.73962167801118 77.75837217490297 90.70923180360741 98.78246014509627 90.97187607910529 85.8997519094163 101.81613370079393 
18.376140984352844 26.267289119534198 35.098240223283526 45.8907042881407 48.10536271594149 50.94799875767117 47.88615109185001 54.30343591224926 52.170113886775525 52.511372332645365 53.96344926765303 51.1989850118443 52.708633656746656 50.94975050138348 54.84375892085967 56.36032387415217 61.71233722523771 65.82392220319622 58.92017015557519 61.561674969355984 61.116259725523996 63.2499593355663 69.64443553687796 65.12993956337321 73.04617067583592 69.38582907628941 78.05190171799129 81.96899186723944 89.93932695884772 91.58295571551017 94.82989893032058 92.87807470029543 94.81975781270273 
27.613552328929075 24.92744340395462 32.43921070470863 38.012492323168914 50.56191225190584 43.12853538688249 57.09304024013369 49.233243115263136 51.284921136327995 62.86883481775662 57.61238982348672 53.69552926019145 56.538868329091265 49.47902225414763 60.964594391989124 46.76249498598582 54.87151988322563 55.41054458186575 62.459933453664874 60.43027662004245 59.03973648867561 52.600378309841176 67.64221439489458 75.78600519335248 74.20249010997995 72.80891087096443 74.96374719130404 79.03322046556906 90.3957862969223 85.91125518766312 92.97592365006878 98.87803855020235 102.15849108606257 
33.70949857159133 27.488055953543697 38.485119899171835 41.03049849039071 53.234054877130795 54.44502957139788 62.59081338437379 61.16550421953403 53.2901165733531 53.698664887824386 62.38700375019959 60.36650027394268 60.20471459176483 61.6673904511092 55.758114232533295 59.0731636073848 56.74646170821474 59.5347734236453 64.83939529312912 52.58222697130597 59.39734106921767 56.07270697261633 62.701816242530896 59.84465282549114 69.91198204358732 69.85754218509376 75.37181715160415 81.07995902349874 92.17996299701554 86.85093090476447 95.94126462519316 98.60739776488732 98.48145897060793 
