Exemple/6.txt
ncols         65
nrows         65
xllcorner     0
yllcorner     0
cellsize      5.000000
NODATA_value   -9999
[rows 0 to 18 of 65, columns 0 to 43 of 65]
95.036727220587 84.93411002422549 90.61112288294795 86.14259741079786 98.50156609466612 94.75000533499194 95.65308126903466 97.52158814023939 87.00264975789287 82.03576821017144 80.2118823327144 89.10264535321797 92.60404131663373 107.07207536741011 102.1409275406748 102.10234131167796 93.62311903290893 88.64397939740381 93.1254536852958 91.88097958867382 84.9173863393473 89.5668567854425 79.94505754221574 78.32174409395641 88.85914322531077 88.65583760731 91.95073010051598 94.26513407382922 76.81469056190393 74.98113438221833 80.06242353267533 81.12130222107078 72.9460942211212 78.50772790049957 68.56224390353408 64.16788810159375 65.99258207195484 67.25823930274181 62.70975106952217 63.81177907640203 61.416272424056515 52.56467357975629 60.869952141376025 72.64506515437398
96.58992500162366 89.12997173866077 96.7079269499101 101.75664734455655 101.49340995180808 93.8462626240127 84.34984391697171 101.42857547538004 94.67904769744808 95.98606129796613 87.10642940043932 93.97032870401165 86.62774116758055 95.78947309401579 93.05967692725451 96.85805111165902 91.14451074502219 102.4223073325609 97.14168637216594 88.22811951326177 81.82326659863239 88.20638648660712 77.52165985535865 80.33006749772275 79.11424259398288 86.45379569333984 77.30116027230613 75.16491329138987 75.14288862795418 68.92264383443491 80.37408300669519 77.51651739067127 69.59461840484005 68.97877781454278 61.403663697076944 59.19384560795101 69.39831844312963 56.12790930123216 71.60031704384433 63.5854742550232 71.75992627392029 68.52000752439876 65.71961621102842 63.85475986026769
105.47612040256325 96.89398411742613 99.64254731700282 94.53169239273443 89.5358114113702 84.52142106834472 87.86655780355574 84.82466002791787 91.09089554750128 92.70114559993402 92.4621228397165 90.99144208689775 81.2658093258377 88.97348716659985 90.3570116477181 96.29282388353079 89.14978531535668 93.31280373193985 88.09622285724018 96.24317299428054 97.71820332781996 88.2512594180439 86.12413271278564 78.17578861105582 85.2421411364129 76.08800372640515 72.13940579037758 70.13015123518261 74.21472538456689 82.25023801556696 73.04350252633165 61.45459684712879 66.95831997105427 59.04931016523203 61.65158732177789 61.03063672209727 64.72115093049572 60.72019140825959 69.70494490650158 81.63912614010414 67.1738629788948 67.4520262570426 61.938537148545336 60.515780825634494
104.08654253293054 88.92859535437617 92.60186938721117 82.13170882003735 83.18547098565604 98.81889804061097 96.65692659704375 85.13481655479599 89.55347873722678 92.8632022953968 88.6983703671072 89.15575989570846 76.79080704546234 88.67211971656216 90.38959401062048 84.70025238151615 83.1025703405063 94.01334630922844 88.1910754444825 92.5331736861582 102.04883231355764 79.40055193748567 82.34875140801924 83.75921347175341 88.19427549572578 68.35700068860825 70.58490867476152 60.57803235597013 74.5184706849395 68.50429602893345 72.65536685146252 70.34132328918783 65.44812493749022 54.694862248333266 56.874224238304166 66.72113658031657 62.4985284670458 61.43087784409205 68.31608900807325 64.14929855482539 68.30285707158859 53.41331969369958 59.95190474136435 66.12183307238536
95.96555968169218 92.26119929303961 84.99528004267364 81.94783890140971 87.94085831337452 94.35244098300635 87.18368994497341 96.85100993421068 89.72217971792273 81.89920528426404 89.36465615560145 82.30041822941342 82.64797496958829 73.70883010392063 79.14915396697026 83.94710945634115 83.19193286381467 89.58255603033972 89.56611061541642 99.48741666876307 91.14187973717088 82.15991786301552 84.3841410341355 83.11480368746399 77.01583166217318 78.73654251311174 75.7323709688156 71.82667258889177 71.56362618756854 70.52517931404672 71.05114795047585 63.6597336208161 59.77079799171508 64.1115370536548 61.56625474886826 65.9432379128607 67.16926882427786 72.69321037569563 70.84188104813913 71.73261205389441 67.68740629960605 56.55001705549006 49.45684294802999 56.78738860246365
99.31366229464099 82.98577201966125 91.21055878434846 94.29565299152056 85.11355250751257 74.66902904559379 78.40108449565608 91.37905041021612 93.34444271023416 79.11939871970256 86.08541013892766 86.46998162264153 84.11960127226985 79.32885331033243 81.29621363066869 76.2168474927449 88.49862185642043 83.10668725682844 94.26901457155051 87.63208082019466 91.14620820484487 84.43868165982396 88.2353295108669 69.79982720791462 73.29879379406046 67.50451629878627 71.52252174824909 74.75342025575708 61.75471830425697 65.61265672139547 62.50423717795949 58.361620512423706 65.48452915824595 60.41258515355305 66.42828766451125 69.70961812327968 72.93033317083061 62.94997371797612 69.72767660411007 76.21970920390996 66.66946566914996 62.21282929108339 57.862029784959894 52.70564958069245
102.38199403823575 98.85856099147168 89.26316665907252 80.00806912552792 83.5357401616925 85.24240103605564 86.75061726834697 80.83936740782228 80.5177473273036 72.28015594746091 80.66511126498327 73.11109266057213 72.81177695139192 75.91202738524188 76.49814105441557 81.92999750747947 83.95591553706822 82.09264069208699 92.75877564332606 83.4072009699518 82.82612211788583 85.47619189327312 79.33954090825988 81.46812413938932 73.72284835103757 69.16407972400589 67.44972425064294 66.14017140301907 66.14026822388148 51.146214870395546 55.47529852350408 60.64932896892254 59.19405206643418 52.4706070795567 64.57604618782402 59.49140106427373 74.13578649222134 77.26755246525659 75.75754590360785 70.10393186101885 69.49024704543248 65.70193372053924 64.57618029934844 65.22339909479209
87.87659475475984 98.38943671647267 85.00828238524835 80.40335777066313 80.40911830862242 78.45638670668619 88.18922881235035 85.68041039472392 72.03508551430849 85.07932753810084 81.78323008812896 80.62534250355677 73.2004762822198 67.59158878159766 76.32442225149825 88.85113401859037 81.36856316097146 73.16630887383846 87.37907831497702 79.51797284308057 88.35351900799228 74.5906657880139 76.99084156349977 66.23164581054509 77.40819074772836 70.61881042644448 71.53179642673618 62.99014492929378 62.07299935789217 53.624591749587765 57.90246372191437 55.09008835852162 55.84255609840218 63.45425492852553 66.3652163683515 69.82475954819637 74.43312307725327 85.91658990871095 82.42572186623349 71.82633652712637 65.92713296381439 57.10886738280159 55.749651713219755 72.636591665289
92.37299951308287 93.95809768457889 94.83589840261668 87.41098005910803 87.77209993870851 88.31212540622717 80.42248013488748 80.90933727590622 78.43379453197808 85.8922021609215 83.48160207860207 81.59538500003478 77.9254294612286 83.96898139187252 83.78942221522935 88.08693647262267 86.99030970925378 76.13382745601139 81.50119063053768 82.9059814778067 79.46470042366232 74.42354237255896 75.30828091612443 77.54291398313985 75.70559849598705 79.64622841131923 70.71173602895638 65.90848370431564 62.05419759479665 54.67273992001163 65.05265149055839 64.6646652536715 57.393916233313504 65.17547242766403 69.83869654722636 67.00105111350103 72.17333955692042 83.62013625836698 80.28085350465396 80.99572120467039 65.81851133898765 70.671789918956 62.71651639221922 56.417968855533374
96.20803048966722 84.65794197219 92.56973991530754 87.96110060606179 89.83754726872272 78.18049903955006 72.76490985762877 72.49318061170042 70.8924083735771 78.60982836868192 82.0708238221411 85.80757551571384 85.86720333529414 76.40502038522249 84.18057323733618 87.033125297959 85.25325984770667 73.67989123356764 84.60625605067094 84.17217111858449 73.33558604704349 82.44513665076825 69.43416108627859 69.86800157674351 77.30839893740335 67.28276576755738 66.24428528845368 74.75785283473022 62.535992490416234 66.9928659922535 53.713176683366484 53.13114087194724 60.20538525372945 64.8666620710378 52.96636107108745 65.62748984264158 65.92081393260831 69.93879127778072 74.294540582458 65.78040501481487 73.86559986082256 66.66148353134521 65.25051867143308 66.61328435989947
96.94023269699291 81.46159294196354 83.18574449625368 85.74360799071326 79.65009269781098 78.87401203827594 74.44263049451934 75.04801143308255 68.11016120640147 73.18374484582763 76.5779857235828 80.11758951352834 81.44176376978801 90.22086110788302 90.16832438672272 85.53928911057677 80.35033112315728 73.30254377806534 76.02996274756873 78.6372936171203 72.45417304273953 73.4015708729914 74.56229774305152 64.76764481283777 68.5423030064233 68.73180449743938 69.14558480991292 68.19423048347318 64.90729807227044 63.018816074346525 52.06299493663269 51.0457396142991 52.721288761587985 55.728592196677155 57.75515936196852 63.138527206508826 70.78602675574166 73.119938030829 71.1940029711819 67.81895166782479 66.74911414419306 60.969730693604184 66.6678257386284 63.13174677307629
90.04229228903893 82.31097821195395 82.36800839577256 74.54848740531313 78.93555187780485 74.22186579521207 60.642037677234654 56.99481705104132 66.79372295565886 77.58117832097297 80.5517581229719 80.12770932384412 82.48719724404202 90.12948113171993 87.70740367397538 86.50516027116893 87.84637505786822 68.11327377238554 68.76794217852898 72.92832109500306 65.1619917706014 72.4298153580898 62.09124179549055 62.64577995799539 69.1194540611464 69.29638235421871 69.11957444811561 55.47748949927253 64.99918164893471 69.31636487521422 60.87187156684272 43.59524440109065 56.9064937284394 44.95813609831191 48.58403762903316 70.13536830357383 62.99288124957048 71.97647913600193 73.72290564913827 73.58962834917813 60.438453085360635 56.50793304913872 69.63386883740168 62.32113417118397
83.7227490725563 74.79383371116863 75.90098786376718 69.45770993964189 72.75489807255784 63.67927639077675 56.89336935347476 61.68735677202176 62.79988255715777 65.90713075336609 73.87146940187401 77.7219415823601 79.37402287959681 80.42600686827703 82.31763454015902 89.34423648277789 82.78457518673116 80.2021694313959 73.89556186628522 74.62983490675154 74.1603701079167 78.98593530533006 73.19434136715002 75.47712499266217 71.10933972949854 72.00574361640571 57.81516846570841 62.43990211136142 59.54627587510646 57.4707408189992 57.49324678854168 55.325701774050934 50.47961110994626 61.33732133167335 61.77476993015547 58.495111181568674 65.34618540799875 68.7777832615188 70.7210847374935 76.57690098053872 66.94851083459801 66.23035863808319 61.753886496089876 65.60125719021745
74.84113460071083 82.255031093071 64.6373002447578 63.47163574798827 69.28473159512413 73.16325595450765 61.4923092832142 52.37574274223822 67.7740318063538 60.40061186924328 69.2803972414869 66.2830026517236 77.8553164439492 86.49066396690702 84.604438974249 76.28928140008031 81.08755124769448 71.13268306647313 77.36830996190288 70.23171215278639 68.31463793821871 67.21100311198924 77.14293780283856 81.33914989058012 70.0224900988276 65.80246780721025 67.19401528040953 55.84169960518359 56.559940004327245 65.50063045765091 58.35573077445241 48.6662549190002 46.456964851477 65.0771146734718 61.04805345383972 55.53985562179387 62.30014812077175 65.94517241794135 60.964107089011605 71.97029211973769 71.37882241004546 61.36687474781314 63.54671521884635 50.94282292438193
84.6392938963106 72.77397066895776 71.4603345415595 69.40337990193028 68.21533757729752 67.14078490075643 68.66516861086815 64.94659952011182 60.09132660540632 67.16570530463397 70.44522641687931 75.87678605663329 67.64509014043128 68.31950040596234 74.4302644417822 84.35198450008428 75.92864164069856 74.15331698258655 74.00994776998621 74.3718836775418 66.28950045686516 68.02243920730157 69.05716655330846 74.03549813749477 77.43208483873818 78.79116583112278 67.82544557850285 60.75388645587708 59.036916553449075 65.68502386954157 58.41390441496479 58.54585736571075 45.23280222939264 56.35220340956414 58.96624849048148 66.9619168797362 66.42748700297258 59.365494868617596 62.806702147042856 68.68155307832146 64.2594188642887 59.766983543525086 64.29267096152222 57.090881922521945
87.68188918992561 63.994457107544655 69.86204547036827 72.17213928913455 66.6420741088994 59.591589853449264 65.16628778091511 57.36244715730844 62.06745439692068 70.60859864941439 69.09438933394759 65.193209468856 69.15051927243127 55.59875455540167 67.53455094290835 72.7673776944527 68.56463383038256 68.71932956680432 68.4846487968106 66.4346582497894 63.933514322522065 72.2494404551718 67.47677069512697 75.72362907865073 68.50016067781289 77.05958358246838 76.24994046655891 55.716814663808776 56.26453986298213 67.61661657848465 61.90800688855721 46.73296198093291 54.32395111233093 65.9777722544652 60.57139938702389 66.55165345385637 69.84652635851592 64.06710082956198 65.47218702695989 60.8160628926896 60.882834375956094 60.17126018703563 68.47551201298828 50.44132899336951
70.8312725257408 80.90469801189775 71.8559974161608 75.83335620112935 71.03178520796189 59.42571140558108 62.274320292230186 65.76854261261889 67.11591068203643 67.77804749985889 66.21015578485594 70.94585333007507 67.64983876379708 62.511466845919884 70.31457188808035 71.07395930382319 67.86602597009522 68.96385151200954 57.16531018896342 61.59972289558068 59.47515793998551 62.88691802524371 65.51789729318176 61.041878431999955 61.54700125845476 58.06257018201676 63.528693047630355 59.780772102301086 51.55753018513191 59.14355015022308 58.270960363768125 49.565441088624816 55.687825516647735 64.27196824205728 70.2976987605631 64.16371766138776 65.47128661276938 60.965126074135554 59.92608800604084 61.44328758282815 63.2464322640328 69.12887221084416 66.36926407351189 69.4042084124857
60.83322604308928 77.84064857114099 72.79998895553794 82.31864182558051 77.03432220844803 62.71527364918742 58.15294556045392 59.670756672985604 62.31533540080356 74.1363786248243 72.24008301788197 72.94286639859489 68.47482787378212 70.38379702566593 72.09922829470966 74.66798138572264 68.45381942897859 59.274009493165195 56.703759030597425 66.66069571160673 65.83463133717636 71.17674694196978 59.553581793065675 58.72655730469843 49.53250817968249 54.78462518768944 49.62405690380159 44.984582744884875 56.350756301427005 49.18067857374061 57.11537930937438 50.53070539606971 61.85151773253686 73.6207208870419 72.48849179895703 62.7703547830812 65.32609234059251 58.764750938233334 63.56568857242995 60.34448913150498 61.40357228030991 56.88741341288568 67.20356570241975 70.91476621294488
61.643241201341134 70.73970369162018 74.33456806388128 71.42274103711969 71.81756415334509 69.49751492786427 64.362780501115 57.174139169035854 65.61825987065345 71.37667176688964 68.23632365955314 67.6690333048296 75.00575237652176 75.50280247629131 69.33670429191208 78.60530724573931 75.17691684913008 76.05071977598541 62.20081261187859 66.18136397855588 67.08855291231342 65.64630651270994 62.597328282271015 59.81479802837671 51.558630662756215 45.95963182911102 49.27749669622398 50.38310473019163 53.029211759072396 43.68094035498642 47.316205623354556 44.06771143064759 59.22888359677082 62.45863518336907 68.03639587770095 69.86806134144595 53.10387986947531 59.04790530509223 62.10089218098006 66.68371119539813 63.15465577200403 63.75142289545554 65.16139387129952 66.00896942807265
