Exemple/6.txt
ncols         65
nrows         65
xllcorner     0
yllcorner     0
cellsize      5.000000
NODATA_value   -9999
[rows 19 to 37 of 65, columns 0 to 43 of 65]
74.16330283652015 61.709961945718405 63.76354354865249 67.18411422106415 69.4243334679376 61.76156891079415 57.286090703249364 55.83515380152474 62.09577467027118 67.94459546146136 74.007929492885 69.79805791596738 69.92331948317945 67.86330049035266 62.58750951594561 61.88090599293079 65.28577972584532 75.5677038442297 54.57818491989723 59.81952688105227 71.6508265224048 51.96985926174331 57.57029173139166 60.219171071575545 52.27303331848689 62.14507151890549 51.61713668439716 54.35182681356045 45.103556519193454 56.51409659687215 50.31804658329479 41.31875428797166 58.18292622725292 68.54044538167027 63.62635877001907 65.70643901706498 55.18820172476736 53.553224844618896 66.39467930464372 62.06306524191953 67.75861748536543 58.05991278614695 66.70557062979643 57.647888399638006
67.80867126243889 60.45090524252548 62.82821957813431 66.7382705540548 70.1362444562885 71.78682777089531 62.54316087833202 61.11253040815265 56.94399702602513 68.16654162647208 66.46925067018384 65.79495083296698 65.34993444026618 57.394318108689404 59.688482907368595 64.12940707979443 64.56478700275909 59.938015365300004 65.4791961496488 64.7416619826244 62.608044299825096 56.272816488779085 57.61881330095793 56.702146965205856 54.10767953034977 59.92315080671665 58.95853002426244 59.50613452699072 49.18570706032503 49.882164628436016 51.41461675589023 53.68474550587217 55.1601998295197 57.40804629915375 52.7429825619429 52.01136271980503 56.9029196197086 47.41390403836204 51.41642952246488 55.34900707917822 61.32638742045536 61.5998785334212 61.62715597646908 67.17607238943206
70.62556426477546 57.70782950914988 62.132989897149656 58.42006701593416 57.29205233756584 69.13797655130226 64.89008591898043 52.715578486561 59.99830518495849 52.44752643175989 60.12524945865617 69.40131593846968 59.003052584105475 50.15811480924352 57.23438053381946 56.76802942555238 66.50453109197085 74.77292804555772 67.07244277101202 69.61481736526501 70.6665227410767 73.64266511581768 60.82774585517793 48.77010564501484 46.80692294157568 55.09592902851912 46.30971530936928 56.2658058218247 45.42982791600766 55.0635516053626 43.53274100099444 44.850405914594845 51.514719822667914 62.11834053954669 57.84997305624928 53.162320099404496 61.18287826731378 52.881748990190815 51.035577583995845 59.02370431719929 59.145295253376815 52.49272674096121 52.844783662767064 52.75239028582395
69.66598331259623 65.6744249798 64.7956884309201 64.9731278193005 55.92349818779645 60.536983084293034 58.48182565263578 59.44851188488779 52.30953124874226 60.09809529409357 58.20077511396613 62.24999364943995 55.64222749996593 50.06574471098483 53.99246395793908 50.56639960517181 61.27089931993932 71.55984502116539 66.55879743592976 70.10929012745297 67.86414780925213 63.33336711306548 57.87741544311076 51.89012639360877 45.71790970971712 49.57798402623667 46.93535296629407 42.909658920365274 49.40894368198517 55.02218736071684 46.31764959503862 42.124385485910466 45.58346586262692 58.842078232436336 60.67459569441879 68.13073645834095 55.32035352040057 53.78040270903492 48.9405936918576 56.376678376728144 55.19762126738726 51.30554938766909 54.57990524957277 56.797851181933844
68.8171648460719 65.36459074843975 65.26509898815672 55.83914575507168 61.026980464974486 52.21833118624511 57.09710752337699 60.747318473316554 51.55528578749194 44.73003865755691 45.141912310339855 53.03048434629804 61.45119756890209 54.514350834586125 54.21775940531849 57.271565561447176 60.28003372120867 62.70621517261779 62.774929451195916 64.34503044281422 62.04490246837542 61.912574748292975 53.618137189776434 56.97184522168159 43.71312511305892 45.67850720906803 44.09349284864382 35.02050637741897 50.88356642872952 48.70522606119045 52.45847923337216 52.79332794497847 44.6232432659794 64.29309823864443 60.79949321075542 54.86020511796602 45.281176285685675 47.23358172744414 45.6234618731262 54.779524053682195 62.76906998221006 54.73598192827157 53.21123965662871 46.1946218226344
65.35523048879256 68.20532602310814 60.062778572109124 55.82634765371784 56.16064854745914 52.339317806585726 57.35952787780553 55.39317723724281 59.18955626407538 52.47202324985062 44.91581045470305 43.20356355994913 51.047996450343 46.75887813565629 46.655160873823704 55.545416835613956 57.37094897371142 50.67801592490558 51.24974209560785 54.87758462313717 59.18082740386994 49.561944859196714 49.97094124722885 47.503750800020484 48.62631737094591 45.47766158779178 50.268335371625085 46.58476823484435 45.736390892169865 44.17529187004604 50.93297625750539 48.79545038725678 51.493964622040835 53.11835511002288 50.34357406484967 59.20705555633727 51.778105019234204 58.03299791425422 53.22897328334639 50.8196073455271 51.27524538239235 52.82641349141976 55.428424416701695 61.22159013578964
68.81134766695119 64.10849653468044 70.67678814470324 61.688571426278685 68.64345772316068 52.48150081012842 49.82633829802248 54.6550940557581 54.264682762900236 56.66047813104382 52.877954664159404 53.71839917449649 47.40419168236917 43.02702980977317 58.728700694333554 48.767035314486215 51.851870403217035 61.03796724758348 53.858055595047745 50.008806214895266 63.99307578011045 49.696862254913526 47.94634948338011 53.99957764282579 43.29770235316117 43.09949096657761 44.96493420034065 53.1905388950015 43.60630771150265 53.578541863791386 47.518706828839484 38.9018946152318 57.08014978462319 47.42930855014487 49.98491500417789 57.24740619669885 47.35548586137024 44.164312136141085 55.009458888011594 47.13386978300452 58.43118283370188 62.18967590340332 59.7233334085497 52.978149384966095
56.1909508635782 54.07374512947548 61.031350006902834 69.2979870760987 66.3332735047793 57.592981620936044 56.17579519374519 55.9401190454483 48.15944449574401 41.96616072363784 48.281956814744376 44.3521534314791 41.01347471904049 51.94538978400661 54.6036156427453 53.15209798533871 47.76152440456479 57.62257735620361 53.88851754946319 56.677428319232035 64.47594922675191 59.132092131788774 47.24653359087803 35.371715918838596 46.800644824453904 48.21228433065782 46.41564629472994 49.1537501667443 48.21408891354022 42.97750263377175 44.2481828097904 39.487618673624894 50.06795313762541 49.5729547400765 47.45043025591109 55.07687149990206 51.72073301475798 46.78108829206924 52.71095348673981 53.782604755442264 50.93253344404935 52.088314285790744 50.13217540494193 51.520414917473836
52.56041279224064 68.16578222943242 65.70782310342614 58.22180768788728 66.69856869723698 55.0486791071168 49.85025640975722 55.30150535896214 43.49269011016693 53.462261774178245 44.85642049845575 35.96527833204605 49.82756071258697 51.80602125325234 57.23484250738314 55.42893322987419 51.55719809567298 57.43972418499921 50.62011937446407 61.62391188885928 66.35308941166288 55.01901369138665 41.44694919557867 48.94240381637836 45.56735845095866 43.127439096715094 50.60762121139226 40.54265758102515 45.24087872166014 52.39777458330306 43.515678346814475 48.99335273496557 53.291625132479965 40.08630848362749 51.539676313048076 57.535951366621106 53.88209926534801 47.54491999580996 47.28250754348194 50.112010798137845 37.75879579151953 43.388780070311654 50.84226633616633 51.01698860591322
52.784473872409905 51.1227773176966 60.562021458544606 58.530869157411175 59.91694562102601 57.069626879856074 59.17222813660927 50.7776321225807 51.61161741858345 48.795387855282165 44.91640653631849 44.100087159414855 49.90116709481906 47.25568148667179 47.814847807600145 51.91847916899251 56.53118837152553 53.17588679015527 53.54827816519865 52.03454853311542 51.385616604379365 42.556381583834686 41.16347656662623 43.62522266907891 41.49298876323742 38.95609155036942 41.60539495057459 35.53231674316736 42.12163906274873 41.345920110730844 41.41841344487514 47.024470648694106 38.452119819100595 42.08816375193466 47.67679801268872 49.089816701813945 49.334756528384986 51.36773425713736 37.324298074386626 40.22916603420814 39.028020241682505 42.04819249993295 38.01964849236387 42.0457218989046
66.42580711120182 67.28945199533534 64.32414499545361 69.50723752303367 66.59349422168499 56.39158511188305 60.5787059547104 54.08958100019339 51.83586358012846 39.57755177853249 48.644136435160235 54.207398753531955 39.210669329130994 48.91782562226955 45.93404803755658 41.5509578557414 52.311709359780465 57.613190636865475 50.6941591933037 42.22067264799273 55.52869423567941 52.45907516494772 46.70362625267893 41.22200753040873 38.82868892490781 43.6939066449708 30.85418748558089 47.71639642247343 44.27869389619564 29.20823509540011 42.40362102382433 43.01948789850405 33.556692235581096 40.15466441166566 48.67198136436073 46.40140801907328 47.87954218051371 44.04282256540778 35.280719597157 38.426261116161896 43.08530117689707 39.681312876704204 44.33256055090326 32.718113833612065
64.0482477807326 67.46782197429468 63.08236635843687 72.01772712754101 66.59584938882367 59.5874387459899 59.125278295052766 63.19501285615132 56.36800684566106 50.3633077974026 53.86499780166652 49.02100341152646 51.40869630871556 39.770264220822455 52.54282813079943 47.568046737906215 51.1710244044306 52.02478005960585 47.95634559782432 37.99284558383804 53.552632784083606 55.31398305331639 49.50128076976269 40.30571571376886 39.177821706582996 35.66188883084661 36.88753469726977 37.90538805185508 39.130414222851726 43.07802891461366 41.71957457029865 41.75949850261138 32.52488458086167 34.744929596680564 43.56607663616573 41.28049456688792 40.950985624045884 45.37048149288917 36.31629709342986 42.538415354526684 30.787187570635353 30.168365359703746 37.48189306037301 37.269458749379965
69.81051953502393 57.935623512811205 71.46955268454903 60.269320742659374 69.38942707998166 64.41642348628986 64.09639504566618 60.33947611247301 53.53984568334367 48.8669183873262 58.24000124687869 56.363678426216396 54.43293801954811 44.11034624828987 54.50508326719847 48.09277201322999 53.95497931484665 57.116543654558285 37.92849153773639 56.65605662930679 52.673112621889054 64.05988260768682 56.49906455012594 52.908405748762775 34.18380267511648 40.43246715741967 35.60292447184152 42.80575255360132 35.86660903006317 31.24621066186328 36.59814412016378 47.09322054863891 39.33682143984328 27.10314427477671 29.888544272472032 29.730026753431975 36.33433944566035 28.600654171370806 39.63253212506123 27.088844630746806 37.04026974030606 26.377063938966963 41.7008944438679 29.622904020601975
55.630060996798846 62.21536797868963 59.62839889198578 53.4389739158042 59.18966463794243 64.01728448288833 54.74916729075548 52.40207191828938 55.05696237913265 54.49093597490326 54.36043356080637 52.90234327710469 49.17289098986561 48.3198238545108 50.05236369683134 51.536940412927535 46.39940854647929 47.64259538352335 42.09215435370591 43.80326039397746 45.55648819096173 50.9134656534767 51.798797357014855 48.41140680381869 41.44352666082574 33.93668523253548 37.474688065192765 41.829611907812875 39.13419524387557 40.86217659739079 42.391148506695494 42.534994563035184 37.33334313731834 35.78804370249233 41.1970387285844 40.50700757330095 42.263358636856154 40.91225258671912 42.37641328737632 38.13314333675247 41.141636791972694 39.91374353227479 41.1046748786342 43.75747645826733
58.34471979139647 41.46759092086818 53.51842666502435 56.510122041706595 55.543232822201944 52.971194071634145 55.30850267859758 48.0880908270707 49.00936254149231 57.10111175950521 56.148560298149704 44.80410028042244 44.019656998504814 40.84568759214865 34.05389372324656 37.96656624247514 41.30489098742133 45.07158122045294 36.35682919853483 40.270100733473555 30.912339246294174 32.05834350469986 50.98030858450947 32.40906485363278 39.58556025311493 27.14406256613607 32.59302405689969 26.30929780811313 39.89652290219469 46.23674303752466 38.11521340096303 28.87135678068108 37.758009690500536 41.73555367314897 48.040187617602705 47.521875213345176 49.14429545659236 37.76742093489 41.22313668507188 52.645221950542336 44.909308578751194 35.78919708545007 34.1494105310729 42.16070182824054
45.404625593113536 55.0934814062267 51.57859873624615 53.48664321911568 53.47498429061268 49.679662637034156 51.63423853605502 55.9864208651641 51.57569906609391 52.86429222633471 54.06338658915105 56.6963860279014 42.87130242620558 31.5450927837742 43.35987803552714 34.636555076106696 46.210909819033425 43.170916965854026 37.956293349983994 35.002977039032444 36.212622760873614 37.65365594258332 40.19211000555022 41.24335370050436 39.61256523703939 34.15514559717336 30.555480890875383 32.65353267415786 32.99090352205876 30.740539652067934 31.31989180890462 25.026022754168622 30.151350731100834 40.355770979275135 41.80303949419056 38.54793058688182 39.49363048661607 35.533342137792445 40.47103456189329 42.49368922870078 44.98843617262047 40.419463273523945 37.19158606466121 37.14588375084934
40.41882473508824 53.269300294602594 39.53691106783994 50.35230944992773 39.862215488066994 52.95132203394766 46.4897977174125 45.403566838881346 49.981952584829884 63.534421505281 46.936491545256445 59.591333138009816 53.16875903108456 34.735870503958296 38.73229763505374 33.8275482165485 38.76481115150945 54.29797000293717 36.63267016904177 40.08442062500978 32.38382974060471 28.9483779850475 38.13740964603406 30.770397751531128 38.11573805413468 21.443689731951476 21.192214654234455 21.526532011161905 35.39136568699669 33.68421499119283 40.23642213598756 27.294849702374712 27.883943174305394 42.98380475983984 31.78908763646175 31.99719375449495 31.76823098851141 32.728831266668564 44.27772413918374 33.63652504117499 44.486433599351216 28.05921483093189 31.6897908913283 46.97335780053341
47.12471867566163 39.40230640857825 39.47754604774024 37.85341407115124 50.10735580663904 48.195166772637776 43.52885688703125 39.98184162252023 49.497599130101094 56.01066252316896 49.81974972308464 43.92281889624046 47.0697130634344 51.12758171565294 36.95064119713332 38.3178919329365 41.06937990984147 48.95006814563007 39.625224295247364 35.56551009387272 39.0338075672243 40.24265552347578 36.1085571169982 36.53067671465071 31.43945465278628 25.0081664214946 26.380396654292344 21.172369757056742 32.89441764392709 39.53485797770752 34.88522103987509 26.017049191571573 34.97392203469391 36.939034552441285 29.533805369015496 28.508345599171335 35.399764352952786 38.824932691970574 33.82004263256841 40.083853026127734 43.210464628355 31.56837418275569 37.81953361602912 40.269119617711894
53.78093402949242 46.97505981839434 42.52950927380837 50.862798920166895 48.688235173152364 35.92155126895035 43.65271225978108 40.99613718349325 52.381133201156715 53.55423492298506 55.35630989850563 45.35335651857457 46.86173753164524 51.102437100719555 45.27401881288219 30.149553955539893 35.69622155545714 43.32569283131912 38.859928463337035 35.54673249529665 35.550793269694324 32.094101043384796 32.96442273092708 26.867687461805914 38.46337626919057 26.546117592856646 32.513268025120354 25.402280874219937 33.31495434806093 33.53967750505214 35.6406502818052 18.45170033912045 29.826273224752928 32.79396538315268 36.62916380472035 40.18704956260598 33.26818535697541 27.702166158565756 38.383789202751856 32.18915036672878 46.50780788906239 28.539356326004313 39.407533642724886 45.46314595620409
