Exemple/6.txt
ncols         65
nrows         65
xllcorner     0
yllcorner     0
cellsize      5.000000
NODATA_value   -9999
[rows 38 to 56 of 65, columns 0 to 43 of 65]
61.46418467079637 56.980302786490824 46.865862539758716 46.39593336062862 47.3971714100798 40.351988793481084 46.42754806595827 48.5746246705835 50.05001956000979 52.59376194898449 52.31655788318551 51.735479459620095 50.08643128663538 48.78042065395049 45.51473291402318 33.51185994782214 38.50368393884766 49.19056871481876 45.81698274491989 49.4486010069798 39.198329880701465 26.991178829951686 35.91395479398761 32.34834454255358 32.679685053526676 21.49993283608759 34.357248747859884 34.9423424984454 35.91027239471533 36.5646121426475 30.710459379553573 23.848728914266005 30.370165303907655 35.00305125869121 35.085232708542975 28.07638079555968 32.353346319660204 31.999505751848673 39.835027511837694 38.82274191923728 35.67119052257155 31.857970381414518 35.26539252584753 48.741359558161626
66.68134146269344 65.19562873048383 58.65455862041641 50.251074662489806 44.57880876308192 47.3486801602165 41.21165995736084 40.700341155012154 48.21140897738029 53.36517280302252 46.56207586348478 50.88175602355767 47.930198509665985 48.52439307181135 40.87223825890558 40.23135731482455 47.63383855705972 39.63036894007428 46.93100841987267 44.80693766032137 39.43768381242181 34.940323162161796 29.212140847813572 40.11877325367523 31.452614561855324 26.34628872741753 32.5239203452263 30.46122254461578 31.63242279882972 30.90931412904428 37.98008307173845 21.236694823196885 30.61373336922528 35.91007949943148 33.980551960817245 41.51178370872354 30.426708510001482 44.933424209301776 43.19042320120287 29.58220952731625 25.54435174989961 26.416121341408925 41.669372912745814 37.622331013579256
56.74984255896739 58.412768745163206 57.3847179270517 54.97586042755344 56.772819866156716 49.19820341077614 47.66396393615178 48.87530722021458 44.64301513104558 42.542463874666524 49.896109922942244 57.39495289195016 49.823072932998386 47.23760835392267 41.849792789582466 44.208778843759504 45.98573074358542 43.59587108579841 39.77425891366987 40.33232063370001 42.23759283146078 36.857852754006224 33.33048847717638 25.326213617052407 34.001606430706495 31.027299332973673 33.67092434550938 42.02198276074051 31.896304383283596 36.20144798955515 39.07421379065138 33.42066833374868 34.59848523678946 42.72416264152967 42.643376152179684 41.51463073884916 40.05893041538294 32.314412063377965 31.18520996199084 30.393551043694377 32.90412069815124 31.622183924339883 32.262523063939994 25.266842901537657
53.939649662644115 65.76377201921858 55.93119701066364 62.4182595120804 49.62197886697416 50.75913379115357 43.28711220550478 39.34920120381209 47.17292705748558 37.56955601280829 37.50492213632573 51.347982939011956 47.69518053370244 40.03971938167975 36.969129290172944 47.18509975310481 40.78405382465574 35.2892936537845 45.07030273454947 39.49879749124574 36.769096946897704 36.26821325527045 35.1490114045597 33.98186618190652 31.816507031507733 27.07242158562876 24.085203976252917 25.88716362111879 36.99191231478406 23.95722030721563 24.233848339918673 31.88514259759505 26.745543876900197 39.08733404647315 38.893812528898266 39.66378073285996 38.341502494001375 42.00130680927872 25.249463781447027 30.68098902676564 20.56658527190601 24.277013054559518 33.84957684978937 43.00618453707584
58.49570909073477 65.20775364321742 60.597481385551646 60.00433713470681 50.7703390581905 56.5200776987091 52.038536335172715 59.50556819967569 40.37592732805002 30.55333169382549 39.44173194588959 42.523461240468635 39.12101340108272 42.56817480122743 36.669895348057075 40.720788673594896 37.201395253720754 42.70163313807814 39.073730897036484 32.62739285147068 31.84586835928014 25.551817370945976 29.092817801336842 29.15378360042003 30.810763155537586 28.399412604481203 25.388426485809347 30.153359573157054 37.18718145922876 29.113216156928317 28.060815397477153 23.171371464639464 34.85927036324799 36.47045719494011 39.69949610203969 37.73144367773202 36.526749691831895 36.00177726413305 35.701965131436964 39.54628375915796 27.509675190314525 36.031645203915545 32.23147926239906 37.78756157629959
59.62343748466317 56.22621748583884 60.96002300272697 46.532385128869656 51.20048652756393 43.181189746307226 49.612025223177085 54.4454825601074 45.21446670024692 36.539399381095194 32.65577434032737 24.77993105695261 32.784824315234864 28.825832870027206 32.542270532730186 30.90472005005045 35.618318887121795 43.59124888828663 35.20460054597059 38.83348486652548 34.59592126222388 39.54445013512273 24.591230683997594 38.46258578552708 24.814543464558124 24.732889524080736 39.28586498404614 32.50287756988044 41.00011037216919 24.009232706719576 31.254455189328326 38.66232650857094 32.88181813003453 37.656570146820286 41.43039795166125 34.758120453699675 37.24770434497409 24.29146575787332 29.169938532205144 37.81869883101899 24.261391857280262 34.0615183311408 26.05274339363167 32.30381505753853
58.17698493404401 55.826821457514214 51.914773558646885 53.492434055679745 46.48671265468863 54.57527593884896 47.327234538496384 53.63737260893975 44.21200490294338 35.24649748246166 26.807494258786196 29.121607499544442 38.25890827569746 28.501845847485562 29.901575094212905 27.79725291851426 34.35953650829702 35.68988434054258 30.104740820923155 33.152018420563365 31.217171004782458 23.21808436843183 31.247297557501174 31.94391784255464 27.912457152361227 26.331791840817885 26.346303599200503 31.874842927544282 31.29870318524978 36.935396663616274 29.75602340755492 26.5718209744039 29.76619480336943 28.528918458892875 28.797942573178375 40.98757399231933 32.675101707527716 33.10901499443395 27.615189352406325 28.106171311402264 24.548842361054398 23.662765572258493 32.387285503355784 38.49299784164966
45.01583954553253 46.95405980739258 52.155141776539786 42.663619642879496 46.07151866929066 46.329903836885144 49.42821161898195 40.752841531303005 39.41870111420586 45.29650291829158 34.41300326420983 36.0281619416457 34.53028862077959 31.23971069487411 28.350825518168676 45.25621578324673 31.82412296662489 37.455166874590105 38.96083034971046 43.00258037616064 34.43818381578423 26.900283974838334 28.05859884386128 41.66148361635014 27.479360440142475 14.941752868476307 20.47454446142475 19.49016885896367 19.080380065980847 28.811708274855466 18.989762574153637 18.989323386112595 32.4259024188238 41.82016487892521 38.66810872104814 27.57645454092652 29.139984906662683 23.216090908068356 28.190686568129344 18.339350726463287 31.07918892743846 31.731273801108266 27.672763252434436 40.47381523881613
49.686680989863966 52.4727016194047 46.54185647447959 46.592354621475806 53.23117420289962 57.63616112285531 50.97753479956666 51.75395663306233 44.87487543316165 40.21507657695793 40.150327971847474 30.57336174441427 41.31879624092766 42.2510300531697 37.104427267317206 44.261935998843114 42.13519023998107 39.579399478092526 32.84992503391533 39.37716239007288 30.679948883669393 24.296734321318368 32.45170091889409 34.07085564573215 28.845228233256094 22.709096948942875 25.798986480152394 19.997579745495003 23.76149352355662 32.50783741450245 21.748470341440875 21.56002721509128 35.45129040462499 36.52487045023101 36.9146951698352 33.83108879373334 33.26440370317471 41.51755723225777 27.867216703947097 21.021937492109444 27.900487821936967 16.96372512855782 27.082553082793574 26.798260079521402
35.369047476222796 43.83810654550691 43.26327120130932 45.288975758112215 51.00353731144811 56.159405649257224 43.9995527383174 47.837581328461354 44.04743235472356 35.87315518577491 42.41525929942807 39.98914455074444 35.52069556974594 49.44487397737479 44.13557023706029 47.37473950311452 43.96672492001356 46.51966680021532 31.32152889795789 33.88066617647707 34.8267636105167 36.80933357647867 34.474007449265955 29.145467438924715 24.44345392180818 20.609534572932645 21.046311736244093 9.349318960718719 12.520405663992378 25.419782416160388 13.380216561236015 29.763410692771178 29.06401948599276 30.837253013136674 38.520684107917475 33.62304455014382 30.415267484998637 20.35896387459462 29.625344774415765 30.726227688552058 27.24217626361926 23.59035916792606 19.570550259487845 21.40895405517894
40.44542767194805 35.419654519505634 40.14839422926845 37.965242824316206 41.668891628037 47.025618406825004 39.06091276764178 36.343350294913705 38.697258440943656 38.18871840585083 38.612717400759294 42.502922611426854 34.42320388877064 41.27585982979237 35.730449493937414 38.21572983658491 31.6115069531527 44.111969905371325 41.080344004573774 40.88560997578783 39.02637832553416 43.90280165101717 41.25934652618764 34.322930358610975 26.22336437096737 28.10317560050323 26.400209867271855 19.60661346608395 22.17114509322529 20.923509883051697 21.210436576049993 20.064921804483262 26.590665749266122 31.769614390280566 30.96070103503908 34.13868303722608 29.695987563209243 27.24940604962325 23.238156028431206 21.37515111837006 22.358947665155213 23.949859372952787 23.30950323888589 26.837360837897478
43.14489697814559 35.681025514295385 35.18834270872303 33.85742709526063 26.250016360290086 38.10032671414736 34.02316265563632 26.296370580448627 35.08736813922168 31.750359052653614 39.75137194072358 37.26643971573097 32.13812732730322 35.052781921383755 29.440779594260576 37.846896379790834 34.637844210771334 44.38716046851866 34.23623564146679 34.11137951998156 31.84746435736674 31.71981027403518 47.76337249504137 38.17810426204634 27.942068853290948 39.12896985192637 33.5620143985753 30.341696637298924 36.3091892234079 34.952681702848935 28.904584975922692 28.32151140001895 19.20536979459886 35.97693798573509 20.067243910192794 35.230671154453404 37.5783889614289 39.484438191232215 30.97219875645697 23.25073961714666 23.46501501014226 10.874364308965623 13.108747976192168 6.681103236079007
30.509510960453934 27.66909469511465 25.76101864775073 23.283141101423276 30.204700239685852 30.495422213803486 27.47930774914289 32.49701887271921 33.984811612363586 22.893462959411632 31.22696303481662 35.47744533704403 33.652478262821504 36.018216474150435 32.33276049407247 33.901132853499476 30.67836068538268 29.24686368897207 33.173617185515226 35.155953318495946 36.80412947408496 33.58046906512588 30.99357504220373 32.821768409895014 34.19823510107728 30.460267072517993 33.93451293343319 32.8116878700152 30.380037484048334 30.006375648131772 21.30964263719989 13.888582617913336 24.046755774337072 37.43459099930697 29.144725334387463 26.508479476729423 30.557787955662803 35.054560873430646 28.88634570820354 29.223927219962757 27.47324271964483 27.472618994889878 14.944535791384443 0.9646661141028883
33.279813234997825 16.026080074815003 16.947112269809963 17.6829426938206 34.553714547210625 25.961445035552522 19.989932471968633 29.308445129028122 36.81286478498208 28.541051201460238 20.720318217135592 34.47086928010684 37.2736834900554 22.126365695092503 27.4862190903531 29.254867274841395 30.13567563062076 17.02424208511282 24.544795730072828 17.740108806145265 29.515282281929146 43.272635010223546 31.91432179100848 32.47021819310243 34.55740048790945 33.42240485849329 38.418580653278745 36.32358989190485 34.639379961547135 20.300410358892044 16.242908378942897 8.172104446093686 17.452043862644476 27.537315390731404 28.178135304973264 28.70930866675898 26.099154258497578 30.09028812482158 26.194251427149574 17.997199609754382 20.613629111254177 15.740225342057823 15.947164588041106 16.534697257878623
26.140009658043184 22.983635120445935 19.89878366304457 17.018524234313222 26.024506971023843 25.3900403633084 25.651186157236097 25.394904016587027 30.99040450780383 30.497617213083647 29.66870226457088 28.09067839326852 31.130336595618342 27.862453409988138 22.82520452345553 16.389831238388062 20.64070691043972 13.881187303153757 20.785330657835644 14.827742182831233 23.896184218148264 22.90392893094859 35.60556191845058 34.97548046081201 37.8551390834463 44.38789341629649 36.61299172605854 29.688904937768083 27.419432618971463 20.150960884156643 17.4731910363605 18.495323004457962 23.545033842172415 30.75445736550592 30.798599372856618 28.06956223817754 25.960818359174652 23.038975196457642 21.41155054261856 15.670261377774327 17.950457981219515 21.560779124392422 21.975880687455778 14.856504561446446
29.661597676795857 20.23664347611284 21.64089824041179 24.775143785356647 24.2340062333166 14.859388567400972 24.00192386755328 16.133736748238523 35.30563068177317 31.356784591960277 30.365390383344725 24.517892115661738 32.38922312392265 31.508608245611548 30.495294247029847 22.657183930183308 20.639667471054665 15.65459994329551 22.27389346419702 13.690447082407513 19.668130341485863 15.767465137457984 26.25874803404298 25.01548670817913 30.211019953342138 43.273250321871245 30.201829558149726 21.845881451470092 25.876407003972727 18.35472073573274 13.002365074970127 20.123840853098457 29.758351005115063 22.708877233750282 17.4290380365274 30.14447426477852 29.36361838568917 20.06321760302036 22.97661469725565 18.848854579741456 23.55983699616297 19.047132281057454 28.197184409040943 7.28213182038494
28.924984585832956 32.564610778521036 27.23579585674972 23.149818578035212 19.088576283591234 20.906424429426096 24.54006760953024 13.802860611805077 26.552427275673214 40.65794243448953 32.17253568672332 34.799908835534936 24.14288768017811 24.360358004524485 24.902615167164964 25.65999147003958 21.57546185764174 27.96257107202794 25.115745530356264 23.026219709288863 19.004815778782312 26.53576473858077 29.06589492305926 27.348541676070603 25.75029793577929 35.646864561229926 34.599961200547654 23.446849244093897 22.726734069435047 23.610537674027455 19.397608046326248 22.08727603393431 23.132088401009447 25.95539731591747 22.428937600140426 24.19978151287623 32.54860701857693 27.2217539628262 16.630031268413127 19.444657264773042 16.1529008611059 19.91203464022565 17.575401130346535 16.170341089836395
27.03685192034307 32.322062410093146 29.75486330677836 16.645867302714127 24.408743682603454 16.114154897456103 11.755669256619885 19.314299674334322 31.47805290209342 19.352619630464186 25.21529890509327 28.14522862072217 29.007815701624043 16.728656979966786 19.572794382919376 27.78212624661527 20.992964797449503 27.69121381822578 35.392810354815694 23.758198917061748 25.510481550129875 25.541563948999226 22.858104698944373 21.11194332486656 34.77734544541462 41.56884854631302 35.813924060216394 20.7072326801047 28.675095027617548 25.372467314041913 25.50313344193421 24.31798721108341 25.200542439089894 28.136468803072283 17.67806106843493 28.875100968573438 29.500503103618275 28.125361073731 13.35793714937379 19.686785321462974 12.894659160386187 20.9934190416584 18.48046329119836 17.76656136976542
19.80637568381969 19.993048381061083 22.27781373435466 24.624116711337066 20.237706231336 25.83290447888413 21.984127531841285 29.106320977051034 25.07476031137863 28.929684308765324 29.072940623480562 29.398029094422757 27.718756871420332 13.880865121034429 18.836647035419055 16.897984100289335 24.103468468216214 28.75934876757626 33.85528018302458 39.104922544716146 31.536413104465552 35.41137939608561 24.580720551803317 29.297082605763336 26.243401286668124 38.48624834261402 30.06269544755653 30.207722224166854 21.80663295501498 19.20613158834552 20.301395061392917 25.93617491245508 18.408324866522538 12.675388206461047 17.807226469438646 14.521055661683082 18.46630729355857 19.989605349321586 12.029773857048028 15.171014374979357 15.828867240803904 4.709919013637264 10.613623949943552 19.340668964596862
