Exemple/7.txt
ncols         129
nrows         129
xllcorner     0
yllcorner     0
cellsize      5.000000
NODATA_value   -9999
[rows 57 to 75 of 129, columns 0 to 43 of 129]
48.19608637453976 47.15739042588135 45.142870716680775 46.879138634584756 39.67943197556286 44.32351237714616 37.01847858995408 32.177956799932346 40.82822994363298 32.204804878856095 40.804519119135826 37.18933530395732 36.34354010015821 49.578958189435895 44.03175006688737 42.528403159794124 52.367102551360304 39.292385182850694 34.93267055889707 40.04933987468016 48.1693346019854 51.938802631496685 47.899916360787365 52.046934381171106 46.97333648046674 44.415423405025315 47.61569013320622 46.5974188299501 53.98321113604179 50.279308969906765 47.56577451859226 35.239127197107976 54.84337548884621 46.5384892784353 40.173183213674264 48.73951962280567 49.952630819829444 47.33953663168084 38.16735148974253 48.1450256158836 44.44333690533941 51.12250389401332 39.672302955400426 34.425290955308576
48.120676758736806 45.18920324950041 46.03729422344782 41.493001738999936 36.38386854419907 27.89074622886229 35.805960960486445 43.29357617277148 49.563456787206974 36.97760969377787 42.449223756086724 38.83713700265852 37.901297556385536 45.838867433780536 44.810288053376944 44.163061348211244 47.20104027350539 50.16514236875369 38.61084176092657 49.11705513530358 54.930281971643595 52.84490689870992 49.143727415209995 49.90421091247055 47.84204386425839 43.45645102629192 45.2871871861115 47.928792377483575 53.280699802407185 53.86163045383255 44.560540951145185 48.98203710543439 51.81522113618728 61.04409575211634 52.87601732353348 45.747219083214276 46.85367838082789 47.164749769993435 47.45985584678891 46.417689733875065 40.00937910789712 38.40488302634628 45.21714429630199 43.621331275061195
58.63786612957091 48.63208586765889 47.12404666145753 42.72814457457936 31.13556432043535 45.281598103558366 36.36887199450584 41.67410943933588 50.02649578223267 55.213785316736804 45.29212883742685 38.12514322235015 33.57917513489101 41.40411090496367 38.44800913120096 54.1046682546134 42.49342329905983 45.803277016486696 44.919812431734975 55.75115619097792 52.66112723738567 53.55193742724275 58.39476598843258 40.253152825718615 43.43906365575397 47.10585577397035 46.927601092445045 52.04945689105119 48.48487088770739 57.877691814710815 44.30731758344807 42.007781335666984 49.93170702285249 57.753111960733904 54.66007705736963 40.88669456853822 38.987436556741216 45.918899888632176 38.56511482838248 40.95067466089597 41.436976493008125 36.126911788504756 45.14837864485722 39.80894826126593
51.5807784609472 45.751259411577124 49.71130763972144 43.187124573020355 39.916337675442506 30.965468897389428 37.30715694022416 40.14013639927995 49.682896406370304 53.42718983668105 45.796458510114284 46.02721785253372 42.859208645858544 34.32380868323994 40.18225259697046 42.58234819985337 43.3195853176213 47.122072853714386 44.99128500147441 57.498256399100676 47.869016646089804 46.74518110241763 49.520848008653786 42.060679701516634 45.17873737519518 42.451040434881456 43.3863511804749 47.99083918222113 44.555547231352776 41.99546869733091 44.80413904992682 37.97501753729634 48.4497870935769 52.43306677214656 53.304042034180156 53.67649894602492 45.684988179505986 41.10040247315645 41.19779022529607 34.32745897469931 40.29208690405558 46.96043637642707 45.92565839836838 46.62585653951524
59.654747247429114 46.73214755430416 41.709743926971484 51.48502944449212 45.72011864743746 49.37058206482148 45.94056572694005 38.988312139681724 45.63823106047034 47.98917081509676 50.750684000001854 44.69051725114545 34.82132287139666 46.7325245850933 43.19063986759894 47.2561793704718 39.98827499757165 54.120936328295386 45.87308816443955 58.98127554246416 60.79149053532068 41.78408964665693 54.28225628018609 47.25250132696603 43.85401322198798 41.11040114817046 49.19106609044817 47.186022256225826 38.945582783563225 52.29396561567964 41.9964629981048 32.75042862533224 46.50027177028775 61.597897303733816 51.772463479414746 47.08000408078459 43.2312013305299 51.00265788787563 41.89543388058037 38.869851348689764 45.19521892009769 53.88910544639948 47.054042916720476 53.45565466249771
52.03980968908324 49.643334353519535 38.47229140965215 37.429588398993154 46.40578074252028 51.524105817468524 46.462008815049415 44.49995455075471 42.984020146449055 56.20326992772392 46.92108715849213 38.06986196657823 41.89317373347276 45.71070234105845 45.5661572125443 48.37209465806272 40.27719104436237 40.27494931235851 50.36751875466871 51.207162829871734 53.86979467278732 54.74006079604366 43.85199572717383 37.252676053041675 41.902809302624014 44.4137100000478 47.44657293283218 34.66740304666139 41.42504216621104 44.25816148133025 41.098786445390125 48.47117355019124 47.95057899867015 46.303838773077814 47.43113292010559 56.37700683617551 50.13852916388072 52.175692070141785 40.80319504477977 35.17323171881437 38.93922026964586 47.50796799206408 45.59463049353326 47.866808835103015
58.08008439987577 51.28700631497186 49.458301276486154 48.56056813803729 46.293107531661505 52.07884665495415 46.66948012352129 39.50481900231006 40.281639830229544 46.12097984593398 42.077434062541215 49.54404577498889 42.469090243853834 53.10781218472133 50.294548304559825 51.32035873153761 46.55115873007399 34.49071297140977 46.508528204792114 47.50867763834076 43.252463549506544 41.46123787329832 41.799400156585655 38.63059827798515 45.31995813246685 37.010364174105575 45.12070920140012 35.516538687203024 39.769668138852346 40.67630931290489 40.41022252405625 35.49108129214355 45.300644429907976 41.6643861737084 44.33831064569489 32.94405928657 36.27694583209028 47.421221199099286 35.67286471755376 25.92429708793847 43.800312133818665 43.893212824778374 45.02228415739944 52.517730880815144
45.42699255715169 41.9613511787219 40.76058228583415 40.150564692493134 40.4748790852784 39.38834224226585 40.85353057438361 45.935198532702024 45.8349103926418 47.01567315711176 40.31014858318489 36.51256738964939 38.61703765963389 42.1904537385912 47.3959315767296 40.03897486092997 45.423536133360486 45.01638034067743 40.76804936473103 45.20715880856092 44.580674869972285 35.15847290585052 38.65744482958078 36.333334288368036 41.92056014425122 35.43530472651709 33.854226136979605 28.31243249790856 34.717821556213295 37.4498035161258 31.30292927337858 35.64515590494976 41.261203207442726 36.24255385567771 34.4382801765869 30.490978262930803 37.580102344165425 30.18926697110878 26.165970771946366 30.596334065925543 29.995991218416453 40.520774380772906 39.51017190830682 32.410668631384844
36.647679301908845 42.87110421743257 38.19475077509347 45.84242965963957 48.20153486387725 40.80268941716871 52.23409424408426 55.53247312580968 40.30220746092504 44.959230970434334 35.05042677342707 35.552412118453404 35.27547936613011 50.57453572657015 53.26298021376704 50.790678035781156 38.98358741915898 36.956205918556755 49.46292448834959 50.258256464715245 47.00381037616707 52.275455342143914 44.48144994696762 43.08183451249542 31.24273326051499 30.615644525709214 35.760482505778945 32.36177060368507 30.52980140448576 38.19045574375846 39.727756075991635 29.086375117319086 31.908976244874115 41.353594327601954 45.28458476119234 31.61665182503678 37.38314432155524 38.98776639458814 37.3212716121181 20.49304767044186 15.99795913490061 25.54405555342245 28.38680773779064 42.23841690371759
42.16986492668968 36.548979902183 44.51578734181076 44.8164526265756 53.45026568587765 49.55400861006005 54.95020645944672 50.36972369023842 49.59961532256794 38.05865049629458 36.32526820900548 29.934981488916133 32.10635249862641 34.93227493411351 45.40404383833085 45.94420496465869 41.488020790086935 47.11700155544314 52.174201960863456 51.10189306807125 48.54218757117246 52.597373587816776 40.63738861085743 46.02079615309096 42.92746302293081 39.449018342574504 38.359104031594285 47.00480424669143 34.97056689004642 43.664285897160696 43.545468740792806 32.47261009748233 36.50869461093295 36.29297474495388 42.23884885276876 35.794165583713685 30.28247136298546 36.97029044402854 32.73676181850615 28.11455515439545 21.149696909124195 30.440521262935615 33.78779827347747 36.10708912677694
43.396493345709246 41.64480500648813 50.39470180424251 52.297650942843106 52.958964790870084 62.652575033994495 55.61716188372884 63.57527486477864 44.64933327885703 26.88100136253947 30.087529090896012 29.926449713508113 37.83196308353895 35.66480639811492 46.21295545399714 46.69999179665413 50.763925748512264 56.44521540844666 47.082373328404636 54.37224421937286 44.51832440532414 50.49669081481437 43.09747702865887 39.30020823855019 41.71374526419886 30.21017027717459 46.122458266175926 33.171924773043784 32.2675951762487 46.26982978175823 54.94574033715073 39.00351022427415 43.014131795128094 41.29365748935892 33.54681180329598 21.783849446867173 27.942884451627357 35.43212405390544 46.31482298396753 35.4946932505307 20.531776315311966 29.568281098769745 28.91145217486994 37.00620367568783
53.90099731353662 43.60176154072778 48.16984062021406 46.9204400609166 54.09415950602539 62.37266430354055 54.084099534173255 52.49225210088454 46.29311547063196 38.46129958834416 32.24355686210816 32.14137481026005 42.2449999002372 36.01836447847467 36.87125508377642 37.20071510008816 52.43545194117497 52.810447688283425 51.09817861089978 46.71879874252508 41.90712121633812 47.977026973757745 46.46276890242069 44.394195833304515 39.7878452477092 36.37141265558799 38.59165342757897 32.098679431520786 42.363967760810006 46.46152304599529 44.40808655264497 41.32855936950574 45.789446844817824 29.932380924098037 28.85530283509121 29.226991303637888 30.72163928167089 26.81131007905013 33.67368520885903 31.75439487014492 28.17217597103933 27.517259913854815 32.61248407474872 40.22021019709531
50.1248732633135 46.36477230506085 56.47328736697478 48.51158054397803 51.615104385421134 52.130160388152625 63.33123143790298 52.01919523665092 42.02663906356599 27.089902255902636 34.61166651018432 36.37358615956887 34.14420195212559 34.914685756900106 37.18469447878857 38.35022716860127 54.090527385563966 52.79038275595708 38.0759135352816 34.166753603533984 44.366804267728284 39.068023718438326 55.03755642327438 48.086183218702885 40.890786466079156 47.68405786957555 41.08463119548568 30.4363476606178 36.1052816452689 49.22259766904908 36.552225377986645 33.87148353894079 48.62773301169278 33.85851491903383 36.50152510522273 42.96794864102688 29.632673425706216 28.73337754298992 35.82032247434174 21.422279714832925 24.70216074388301 29.15671270955651 35.083445711492956 44.09532843281189
59.53235132942152 66.3435768664045 56.81559238405244 57.8746417964076 49.14260105745214 66.06705693886164 58.035839354023736 49.17755141554151 42.303554608896405 44.473147971534274 39.56524140925556 29.68133506443528 35.990120549192234 39.780691327483495 44.13057485894905 41.26627718698602 44.40589681829122 35.36929353152394 42.12484534566366 44.59492721423132 46.261209983491 52.431966220513914 47.411047082263465 42.16576579826163 44.51530906165548 41.53118815169908 39.58465911734601 40.726158622578566 43.32761099249009 42.37807131779824 47.62627605189515 41.993122274582035 39.50640701221522 40.59014386442565 35.52595307248799 36.738615375715085 35.21641710542109 33.41146997925419 33.91003725494578 32.47627649907039 27.95349138873712 37.516121988576856 36.15989933820805 34.93096253932937
51.278717248455195 56.71178807053554 62.74310556944168 55.94317377894576 45.923755709575886 49.73146413127364 61.67763943248163 49.11464485624647 46.10189198853712 42.81785290717244 37.01007119296459 42.55649491996729 30.664598421801045 38.805096732992055 35.59464616995585 47.310847033969125 40.542700887357725 44.150318597411285 48.36760008030148 47.20957158672066 36.736134528301605 56.0984991472005 54.41689642877749 52.80608317224309 45.7040916577882 51.773276401307214 37.690711482421435 40.56970218307436 48.35219530356022 45.791074547691316 43.86119246239042 31.29609850510873 40.528715407086274 44.024397644863235 37.330700946324946 39.406450516738 34.482322663901805 24.897033841907657 26.452125204669628 20.959150036398746 34.89455021907518 27.84946139381976 26.113649959894076 30.578999250178846
56.1817214524934 53.59466470596873 55.67552227303169 57.92078102967379 49.77514137595608 51.596410074239564 50.53540879853984 49.122177024625984 48.579813835931326 43.20618296821178 38.86111735689635 32.77816410748214 36.078075418485106 35.73609862364182 36.20673225087397 37.830719660580854 45.41859519422699 49.766255022858445 52.25972190740157 51.71195880840968 40.275846574104044 47.891390251420205 50.26732775231589 55.70312039924514 43.09241906784888 47.50165271915042 51.28550122934678 47.250073904835276 43.485664377585614 44.27417715306958 34.50333166524225 40.989461250836854 43.32117762458823 33.042956820902084 38.79192223624036 36.6278453604516 38.205143362188565 28.247818274883706 32.92232221754051 27.677138078467067 34.02713431986497 34.22123565187943 30.202143176027356 29.72381886051073
51.5231460427397 51.787738550699416 50.73597242303563 53.18101901225194 41.23057228595712 39.772488477119715 41.69952586438045 43.13949942780514 51.68619110498248 34.98139928877676 34.505738321530536 38.7769855143758 36.920698940814205 51.36569885194077 42.15637370411201 41.67592979606419 47.66096058461737 43.967281097469126 58.334031259537404 36.32064852943575 44.383684033376156 54.62811352272725 39.90822104173576 46.44832068243234 39.8762413574714 40.6166315591629 41.133656480695855 44.856371212457574 43.19483319408242 38.57236876313327 32.392373675723526 50.83143468287546 41.41813140342713 38.74985807045349 41.49382869750539 38.60601921067312 36.31599568427242 43.55732169993007 43.968928132332024 36.66233653219294 40.44364434843371 34.60032197571421 30.74339629048121 43.87392395015294
63.41814438267682 53.185337004423246 52.677485623349725 51.87455377566021 43.12497174822316 44.7793636779342 49.91999002633371 58.05410738066531 49.73296380702854 49.13432704406641 34.533117782619954 43.221567234378654 47.9323347492807 50.676161559099015 47.07561585663665 47.584703200172854 49.75599374860425 38.1516956876528 47.81487777397393 50.17542283752946 44.736441858830766 51.39023795487617 40.9993561537397 44.14070379004806 48.358709808735796 40.611039949433376 41.62488028698367 45.93824574314646 47.34625560750934 40.771892465211316 43.392323567227336 45.132032278002065 48.737902907136316 50.246661178142546 44.80624916848917 43.622228535851264 47.72868309382805 38.947829121142924 37.255412890955085 29.510277942659762 41.34432577280071 43.93123240276779 36.62194193144629 41.296689482940565
69.39366179547105 54.80468621675824 48.01532281496103 55.41167927253357 53.06570787722973 48.722402437488086 40.77314393547866 55.481591062709896 45.09663158804024 31.869959896909478 34.49596332953254 52.222892017729514 51.911597046538134 38.300935294355284 49.198184974264606 52.6423086917124 47.455162740493094 54.91032791695527 41.138979113138156 45.89371747817952 34.793841983628994 45.852106017775604 46.748138292046036 38.45806184382001 41.16579020695862 34.850606830044455 41.23803826832392 36.78172055254977 38.53084438892671 34.27345618921944 39.4094167814641 34.06098323824199 45.24417974462271 46.62900785957433 45.13106567296401 52.69433954856912 50.66864159840518 34.29687660453138 35.621712647654526 34.32254885041467 33.713519704126874 42.98243116946315 35.52867561991207 40.679088213540396
