Exemple/7.txt
ncols         129
nrows         129
xllcorner     0
yllcorner     0
cellsize      5.000000
NODATA_value   -9999
[rows 76 to 94 of 129, columns 0 to 43 of 129]
60.55877960764218 50.68582331968926 51.53378287004095 56.36913815213332 51.84526857584756 50.34556396814047 48.31573434528695 38.10038874763114 37.263865349969734 35.13017908030177 43.83938256600645 44.679244101819805 42.034233791753394 38.72730789195137 40.78324744009295 36.5947897091278 50.81986941018088 46.679975809611655 39.52096916824443 36.54379785162557 38.16836891320553 40.06236055261091 41.96387460194842 43.29916490690192 44.212466313410914 40.95473018332508 40.08843537427842 44.17166086323351 41.30568183775007 42.969119923634906 40.276377616621865 38.291804052120995 45.57951454388025 48.83559792031055 47.34379159876453 50.98782008280041 40.362188760808216 43.731994996244886 37.657451481385166 35.155633264074595 36.348179881571255 40.69405912625325 42.932653119024586 39.298985110866354
66.26098642258322 60.52960477597218 51.490017907407285 50.876832762461746 50.620602670256204 46.972700041085204 37.02792693572716 33.29841300294598 33.23170603520562 46.86605145127252 39.195739478317705 36.53790004582802 46.26987420631762 49.10238824378181 31.172084559442013 46.7317964817273 44.70787935555316 39.937642203813326 36.89788179397277 40.52534401644811 41.389029034374886 31.778673197973234 36.590291456989675 44.34464845801163 36.12510716682848 41.77603860221048 48.19712430826316 53.602473812880156 41.645153479255306 48.65785961286417 52.72279474785977 46.960302213659034 47.93263043120463 38.98137876681844 51.6604001351171 35.987368924038876 40.20485533674648 38.20906944036911 50.72872389155828 30.956687557513717 37.15178317484701 45.97086693276705 44.76470468581465 45.70993241067198
62.064588791477235 52.014743620370865 53.27914796949107 49.66174694009964 45.86253074456139 43.43044811969184 37.5272863650118 43.34591135770351 38.012477827236566 28.84960920083857 40.57606627969243 48.02487583573651 45.80091990008757 46.30844745819431 39.05325904468354 35.02972365695688 44.23283602957913 43.440891754246714 37.922531495565586 39.49395345392189 38.92921035226355 39.76542569125189 40.17194371893745 41.27600484204771 38.36239786732091 46.96641107215639 42.12593428606864 47.26804001315594 43.44429214947296 47.43404188364036 48.23803384855047 52.734596361891896 46.63054134578574 44.34894518146055 42.458555899139355 29.91811369286976 33.93192058777181 39.99661276746977 37.19661867781291 45.0118216552564 34.39757381446028 37.96043153792211 40.15275319466083 37.824248189500594
48.879948162418245 57.778144080028945 48.41632012938134 43.84922393383094 43.066152346634155 44.37272804465042 42.32925835844154 41.61048554735298 36.66342119411233 39.31639744567271 47.16676624058097 51.047123896955945 45.1704273361442 34.29552521456212 41.270493126267745 29.300182299964145 45.41929262823931 51.35283281364279 41.88953671881738 32.344646181092216 34.52893966535413 23.61189439495405 41.035224390334925 34.231923141551036 33.24683853196675 42.08112982244666 41.93961815290363 48.6273385705782 48.44012150112536 47.57707334677545 43.226016689357564 47.30544261599741 40.919055315125036 44.39345791705567 32.220365241104766 37.10987810073887 27.290582871543 37.16415689296704 44.10075439546305 37.4464959534371 32.84443918336953 37.94724936943146 38.319603044765756 41.49406791119392
53.631890919974765 52.137001468531494 52.819269408078526 50.13840103660115 43.82093893159704 50.31450246240897 48.30279993150467 38.54239245578348 38.8291133923554 35.53999327672383 36.556606793028195 31.873589057132797 36.78029778143754 37.84218798859701 35.62370742781114 35.74902829256634 42.19607136817258 36.29768418035867 37.84263339663262 36.45433043904284 31.517834968353675 30.67055822394657 30.558702586082546 41.82090183478813 38.84540717208816 44.077977339471595 38.644077029208034 40.88540607517077 42.18218629714323 44.89580681064973 46.094408372405844 48.732721947705556 43.317526366359786 35.43695662963895 40.139901440197065 37.071537731908116 34.447943130224544 37.84094257747029 36.895081504080196 36.71200900799242 36.99898684749927 37.110978889473905 36.840935223995864 36.71419343293685
54.182175900619285 58.4104293940019 56.07558097925566 55.01490202822535 56.245276501836074 48.97855921779451 54.89168716894953 51.47862726522182 39.02557074133335 32.949106833012884 33.39430925174389 27.344545703634605 35.32986214834729 43.21371479153005 37.07417827808378 40.66270043247053 37.08707203941087 26.168065207936746 37.276831479225834 40.81804882460439 29.13935434483254 47.62518826308967 47.1191769098546 37.83425211429371 45.295094376425034 49.1312752122142 34.6358551812236 30.575541414894325 41.25613068432389 55.41481908618006 47.50144030599269 55.55510016413661 44.23503098756471 36.56930264776452 38.438260948136374 49.159492084597204 41.607466901219155 38.759438419373026 36.215192945407395 30.616660879520897 40.25599736023658 38.23898249539805 49.67246719703609 34.92746102559332
55.82683618503863 46.460214577057094 47.17010079885378 42.85074766337615 54.498535283038976 60.642083990665796 51.386203166805366 49.46422322474865 37.54243303640879 44.092275024391064 40.35506285016973 38.010547007034965 41.490185943624624 41.84583702693179 42.269490474376255 38.45997924033636 39.7595267293189 34.25993061698179 35.658508159831854 39.62486254028261 39.465912100876174 52.39912294083281 45.584733655614464 49.124510907036594 51.48447618301805 47.175924003921764 44.34637981346117 39.645870866275395 43.98952099490508 40.71272599511735 47.1026736213317 44.289319417269105 45.717010734953696 33.910038365864466 41.090104464463664 40.56786675824256 36.0000301688038 36.044522412387025 35.096317932145716 26.856465946452417 31.437742460162344 30.54763161205878 40.98733397716609 41.48922994982854
46.360660128152446 49.02583796676729 41.352730854420585 46.00262758991971 48.06435241495497 64.13446515800688 55.78252280763297 50.2428057730627 41.48786351533903 40.418108085190205 43.721419997398655 47.89468541770181 42.42602625256073 41.78715972493794 45.036864964992745 35.27931205771429 44.11441007218509 37.32482768515159 36.93359012320384 32.14107647288393 41.208840988224985 39.83921474302582 50.88719699144983 42.14728621169613 42.36259174053463 52.27279968758937 49.98399434448173 38.77908512180818 38.10420413612803 41.48754480706486 46.375566288434065 43.64900122922633 44.06126154387318 42.627357270989656 43.83021834027013 31.4374139599049 32.02657989377134 30.682754823937266 27.806314265406805 32.18249479458892 26.30183924745247 38.32027039285826 46.394048177556854 49.70682112935503
55.34599167435121 48.059521586113405 49.42898689579098 45.609171858497554 49.68661711904244 46.16338703701817 54.70603601091253 59.236397158021795 47.23981700682509 38.960776602459255 45.63669723591308 51.019236424191234 47.0263680871841 44.166879751171194 46.79588374137299 51.701617419937335 45.2920663661463 35.37518373724821 40.46887143270469 44.55259079841551 46.27056726309117 39.77745195981872 40.269520296539454 41.34862375459487 46.84806060401982 52.55407397863499 51.45092957819452 43.99265207129857 47.09733431628254 42.77709617379203 45.936310385812305 40.34085412754695 48.338810807302565 45.90691637659332 44.313622581377956 37.1462489978327 36.57348213214232 25.728678682285285 26.23605812963629 29.005292736341673 33.52885460271915 30.88268436961325 36.15012713316965 40.32827785655395
61.854887319048814 46.82310625713603 47.58275798881014 55.87644057764561 57.97226030020116 60.47841480452712 59.091128909725526 63.882742736351894 50.60596224911595 56.174692406388075 57.48093503027033 46.49300597953613 43.00710808605748 49.71545131118632 54.923576143839924 42.93457053345985 46.91977159197462 39.24821448614399 44.045782131045854 52.52135782068329 48.55094511146209 41.661629563502174 33.611536990642605 43.51180456954326 50.40432190510161 54.1441106777102 43.67140589591609 42.00346877025234 47.27585701424832 36.104966804514156 45.053233078650024 45.62435809346605 50.21971613566015 49.13502726192384 47.812919311170646 38.03904881897153 40.401972117713946 39.843641899593734 27.99678020700562 23.589903401252982 27.30068490421082 36.08189128172025 34.110138914263544 32.71153671785337
58.44948244017944 54.80556829701775 48.835810001073696 51.411630453751826 49.46615499027048 56.88570401728569 52.65443063281539 58.751548607942276 52.26639885672862 49.623165370241054 54.41667514116263 56.75716092735948 49.3215110041891 47.678857242215386 51.68044527709744 51.444892722248255 48.234289104295186 56.867512980048005 51.09197931705934 52.718924644973626 45.1458799595518 34.178181166901965 39.12948296588378 43.19459430458308 46.00296861615145 46.18015252620603 49.07451365626924 39.35150332751607 44.51229093534757 47.22617716183795 43.09641379478644 33.84759651230202 40.27246449023515 35.44278621297601 36.06467628929345 41.00901774799485 39.266335885478924 20.719947395833863 33.67010018900317 27.72286038411892 31.459899399471894 32.72187048316256 36.90404773484616 33.29552812334552
54.54294386972683 60.40140964986061 45.6013205517676 50.82336052816833 44.73689473084366 47.06690672613895 59.37721881605869 56.830840826634045 56.81367300512307 54.87718596375364 54.89422403709542 54.42401096098166 57.35770950489362 64.82351142112834 51.55570498888121 52.50088171088723 53.30535658639606 56.95394414344229 45.32862836225726 48.07459020760179 46.035114314624565 31.924191790645487 42.68830456729178 34.96649268127496 52.52887608113241 48.884600176717896 44.52689876303305 31.873943884493364 44.17342950054862 38.935775975981045 30.194979807682337 44.10938713676966 39.23236318053547 47.22782181083542 32.806142002904046 34.140224112114964 45.88459357989898 32.785923767491056 29.89775504081468 25.576325725227374 31.680380353725088 35.41411477568119 27.875721076792793 36.590714655344186
51.15613001625446 45.11430105579066 43.56126009959492 44.08880058181954 46.32801849768489 44.73414330575561 52.29433714650874 56.392133952253275 52.71870185992717 67.07486176234713 59.63862355199877 59.74280688217663 56.02318658675071 56.14908231633726 57.168081606879966 57.37275948391802 51.36101860676888 48.208613383982026 45.538057251867386 41.97289177546628 47.15244738842284 48.141880564000886 44.99426437893158 40.653001196022416 51.23275861309018 45.19085765664861 45.708507014288564 38.19553756390164 40.03692796750095 43.87945656392559 38.8378547587136 40.150034931150714 37.31571372918837 39.70961034387325 41.25050409819349 41.56311874917226 44.142332486825424 40.334727079251394 34.42674449265996 32.460744529823074 37.748122400288736 35.67272958923566 31.875149853900204 27.276280317158083
44.2082893100435 42.60819223036558 41.76610039333049 57.79261431415196 47.018250717556505 58.8884504436504 50.105213536953556 44.35843148218078 53.53066828521718 53.87659901064526 69.07115067908323 58.27228066921382 47.67010748145843 48.584356091956394 48.582929300547534 41.999193043303464 59.665640999409 63.86071622338642 54.62212921602732 56.767261694302356 61.19050037844116 62.00508051625704 47.23174470399482 55.336113103313906 60.938214378398456 50.83766176748962 46.77458823459702 52.734807207828574 49.99913159446422 40.65735754455521 52.19081180583413 53.10095666743959 39.5581019697363 34.99264200045897 31.5406680096826 44.18661295551003 39.134660307316224 45.1632510666075 34.31125993248257 37.48749907238312 39.19464728461425 31.57274177364259 39.573253789747795 34.206877015642334
48.97197789155764 49.53040903646096 49.7983219853494 50.7187289254206 54.157691437678466 54.67704105823761 54.338663771918526 47.06955180756449 52.98535860013641 66.41747408778707 57.657818549002855 52.4103449016537 50.51806919204415 56.414296066876304 47.2756496068876 52.47706479615778 59.60557260228178 63.2315269878192 57.555180053697356 53.06398595442309 53.72384693546503 64.50699168545171 54.512574374657746 58.57505003559723 59.35642480996282 50.97008410920603 45.39961969784679 39.32142963489575 44.763982297750225 46.826811314202175 41.39427514496331 41.062456794008924 39.2579394437024 34.41371489034656 39.873367593173576 30.262786713254883 36.28470248922797 31.166772177238826 32.70062363549965 34.16676432141171 39.29682815318774 34.6862325779782 34.00082522212343 28.516990976418498
45.825102843788706 52.503759522062836 55.70271358894339 57.6267527158617 58.70763385144178 51.68414924254303 50.64241990646623 52.20576388233042 63.22414472004085 51.27845661131664 52.93461963359931 47.01613040891342 42.76741469555243 59.79888142918449 41.50995190300746 47.17443661964927 63.71168377864924 72.78589034305838 60.98995747488992 51.42517583073575 53.28025945706831 61.35568545043156 52.07792637066397 47.912551373428045 52.47378254391289 42.85916069760295 46.002499534786715 34.91001563321767 33.7519145561448 48.88798203724528 51.943575511294505 39.788782308817595 35.96448762989593 49.0851551744301 36.53062146085553 46.75342756695906 29.75719962448482 33.46004885504938 28.261064590576865 24.477149164617778 39.96405804435636 42.337702094829595 36.94615596326889 35.903576897695416
51.64168621526936 64.9166944305552 59.388128714584894 56.31100191640745 59.39237967606998 55.569892728116656 59.09111124485958 53.699982184898985 55.85890415818634 56.053694143706565 52.73655927833822 52.1712873778382 54.13031890829013 57.006841528909554 51.99515884568068 45.99553043754464 53.85224647017396 52.63221537963318 59.9807205254057 59.45576315338466 55.66435737897691 56.4323222343984 53.291417361653664 59.80679661188661 54.866800232120966 50.09897368275971 43.167619598782146 36.211100053496374 41.46192005089939 37.55025410073814 45.028972080791675 33.457634882404776 38.52223756351247 45.19026767261053 42.609109890947295 38.714686756969094 35.3638536981729 38.938959239872645 34.5880442309179 35.482307824173716 32.839319042565194 44.03127135068689 42.54485756403166 43.45308286885177
54.998760860565206 64.96607929869806 65.20047897262157 69.68751160978701 50.977971524046765 66.13152033418085 68.49349183994133 52.95531912991059 62.70985989011892 58.33770022725277 52.181990550614906 54.499139458611936 55.11795788414188 48.80225332383097 58.685443418420334 47.36112490484845 54.66409137947476 58.11617900709774 53.1506513193349 58.41829251440097 60.42349064730518 48.89008036452466 60.74530024432235 54.64931508712649 58.566655362057546 53.153989595743575 48.10653375692395 39.37473351567938 41.736568020525084 53.89643138492994 43.906415390950905 37.34058232368635 40.350319716749794 34.38430627084772 47.769698605525605 48.4399277930907 41.69232813484025 47.173996108279084 43.27536300846194 32.86284842848457 32.97150295441356 43.89919828247778 33.875021729186244 30.666471225927797
59.69434784873481 62.340243546406356 62.034029987621324 68.30160854706978 52.73523697599853 54.4316692744959 58.048400170659065 66.32427475709028 62.039803344457724 54.47260522341644 59.765759953976946 55.960772352422175 53.48138572008961 58.26222794274837 57.46264741950541 53.43127517754837 53.30218088408085 62.03749637715484 53.363511109889906 58.340303305024065 58.303571672802235 55.91497175570687 58.998910799375736 59.7745644913682 59.58066203300086 55.640196033857535 51.226987485042116 46.83558900297632 47.86148471789133 39.19352259555024 46.117205720945805 43.78133589946085 43.63449159894816 38.4833817742044 37.02222944970724 41.43517816128592 44.72581096081833 37.535219114722395 38.54954331181125 38.123334667924695 39.41886982919751 33.47002833905318 32.834468935090655 29.58345335411385
