Exemple/7.txt
ncols         129
nrows         129
xllcorner     0
yllcorner     0
cellsize      5.000000
NODATA_value   -9999
[rows 0 to 18 of 129, columns 44 to 87 of 129]
31.631599851842786 28.02229420984303 26.552120490425686 25.162147741130727 27.747923835983897 35.092842489142654 31.509779679282275 35.65089547040884 24.05347662733415 27.276854207509142 33.131454188374875 39.041665011166195 27.06352546553981 35.09233640391627 35.64486543688494 34.40298485103599 27.656941962709972 30.85374715138844 39.18746622263052 34.5046684871621 40.2906186527265 46.28646710663838 46.70869253141796 45.02340951398418 34.68243681611552 41.047719439198254 29.171007583431262 42.20281932328982 36.86604886303803 40.98113862785035 52.86393935262942 52.71056250919325 50.42097657752813 48.67147251639643 59.60552596787485 45.10785674794667 50.25471946154424 53.64653116564337 57.262871035057664 62.392403478560254 49.67187066797495 44.11380928560514 38.11052529022892 47.88696154073004
37.79035393225182 25.02966268523417 36.52503360962079 26.82668587853564 24.76823133752751 37.22073668114769 30.136859336468753 27.457684976561914 21.89144267144553 23.96308359088281 32.32972532662279 35.71165708982208 30.478094506525096 36.74207946961498 28.71958225374461 44.29175165135397 35.910769199116935 33.04443184282731 28.183191748399487 47.64659017679776 32.06806045473865 34.60574899578486 44.07713260326376 45.24127263938652 42.01384529584176 35.66536162193884 36.586566906658916 39.86215653884031 29.39398679540592 28.90460604006462 42.305873391410685 43.445442281455996 51.468175605840585 57.62885366974764 54.731407420977234 47.94103536694733 50.3174283397567 56.83020202452094 52.77595831284876 46.05778744208116 56.42312672437596 39.397970459105636 35.810984353815115 52.79748558892301
29.971646903547196 39.547987811319494 33.11940872136867 35.80978007004369 27.689500426009037 31.91067391859164 30.659016584527183 35.8587168460551 30.947986054292155 28.65799126394722 28.17510604274047 19.009403510550083 21.375554883760827 37.407970384768724 33.984777703864324 42.8335008757165 42.506406886492755 38.51344935596457 35.66825212240098 33.30294835550984 37.878887605541266 36.09658496644583 39.45665904256441 44.57013003450674 38.07451164168974 43.762787887948676 40.59630072427953 37.750426882042326 25.142703946322065 29.4166685784846 35.30362106854879 38.81126533780032 50.38246173456792 47.523497308319854 43.826813938069975 37.716095541784895 48.708587241835374 56.1176341758981 48.76838705100833 46.95682762568519 49.466706858037284 53.867646627293 46.09711986399041 47.793388247413986
30.876259926518138 25.275781733165267 42.590097184659825 43.74619174676347 38.82203351833199 33.58655960490813 32.11181086602495 23.236839084217777 31.14267830516296 30.416669110724023 34.168611917594404 15.760606897621843 23.409683006180153 38.06528016003936 45.40162080880394 49.30191454168508 39.85905359050551 37.82936253700227 31.270244746177337 30.49068953460706 40.87174534851895 45.18930014348993 47.24605108927136 38.20833315211629 39.184456925403325 40.06071074817447 45.23304555521971 41.11265604465962 27.707622986734172 35.92396175716921 33.96554289050938 33.20958121893101 39.30714058707642 44.14660455953778 43.26408589296381 47.01596700984669 42.24661595766076 47.93782266669709 54.77350912479027 48.58272367508995 39.080769226229634 52.259389215666545 47.289818813998075 54.511115021257524
29.274852293911476 24.501121623479992 30.944543364003323 31.22936701399517 33.23444797453509 24.869554743865816 26.7533788339525 28.60531531651291 31.571022631645704 23.502510671491542 26.35343286142599 22.96962744602918 33.42645665990082 50.62706537072653 45.83024634233827 42.16887485543108 41.6609074258144 35.83674190718504 34.69607330895385 30.544052282244134 38.83106549199664 39.263121048315725 44.50941483058415 48.125890120846776 36.38998052755387 41.03973550628407 47.962359341724806 40.88369013853908 31.246305033285886 29.851227986986594 34.01601913858927 38.27471274458116 38.09448018022704 36.562177699287105 33.67473685501511 26.656909328620625 42.930476980683004 48.0101922831295 49.562416519521236 45.92512468846012 46.51142874309178 48.55949678093113 49.902880447570574 56.141796585399675
36.08427987965419 28.64869454156402 28.25694889251984 35.02468892661201 25.640154721219954 20.827004543439106 33.03619788382704 25.140304222461655 27.107886191150715 34.933128798975545 25.005263649139977 38.55686440479505 33.76349014034077 30.514778396985328 47.8362449877835 50.86006915925335 37.57615983391837 31.393289642911142 44.377533080182985 48.17369464523789 38.40456184671687 38.02801666820573 39.1129789105684 39.68248460433068 38.1514021863713 31.615598149410275 38.54638486411149 36.31218355935701 26.636509150800375 27.658624450730617 34.70442583537084 40.552619963857644 31.82201264448287 21.400904852024734 28.37815235015752 24.567901562582236 48.65037727081358 46.470892111021385 32.67226314978509 42.70470897431316 52.215717423318225 40.1405715059625 48.917761713960545 51.45025218560411
34.022221159230114 35.84667670501571 36.24132442776167 29.953552372678594 26.62671550711306 31.831360850309373 34.12565368276 30.909818110063718 28.044386169531847 37.86263956796738 37.587060902877084 40.81183695871735 29.329963894085672 36.330953138024746 44.22145322320893 51.042438540823525 42.58179327454256 45.07197253748826 37.72481993500039 47.46952737848561 41.597430650185345 39.485372587106525 37.942997767800016 36.627776306828835 31.429542357516766 32.592277216188 33.309143230411216 34.40334653620448 28.641013983758643 24.013804806187338 33.13158677480176 31.67724917806446 29.515399406713225 28.31412786090749 29.495290672761016 32.989493262074944 48.200929079943265 41.212250942687184 42.630897852553815 44.67364401987524 52.73006978034303 45.26173009521721 42.45119300313063 37.547658928653476
43.78283881896374 29.75853531721252 24.323379863853017 24.703028224429072 33.04541363970333 39.91775125839079 31.18598660030837 43.761337169125525 29.19107528694068 31.773623756107696 40.549508344208064 33.54894459465132 33.00479263807945 42.40967226056653 38.38049051457313 50.14197380283798 37.79568206553304 35.94753441924702 33.77575117643737 35.30044003129493 29.209499787093506 42.34051808838586 41.82487232808505 26.12148422482106 34.885547630855385 37.68893669044735 33.3062152130432 23.40621687280765 25.891486587119743 26.676308086014963 38.04489084499127 37.04272810236358 32.91600370599364 29.042387496120583 27.083365980455497 28.636132660112455 48.89763039570536 56.01506440709856 33.53339642169608 41.16815115368384 52.59939848184211 49.54649713006171 47.71919725552552 42.54687658880473
31.453096798376663 28.11460919925357 23.293316879624555 25.08081937733394 35.969344725286334 37.454797845762634 37.30763714942002 46.96940246587959 43.479233512647625 48.277758673379154 47.89634119519226 44.22614176652448 40.22311731862849 37.74484513086633 38.790070946366114 45.06730139377613 39.20003869685193 36.56328193124389 34.46560670270509 40.79800120417521 32.76169125538128 32.79526200467909 32.67788750918248 36.55107322745705 27.540341472153308 24.522360254416686 21.52326498276258 24.970038199463012 34.65210623158021 33.36055184281126 33.20199558813046 28.579540149117896 29.999391423310765 27.904710850629673 34.69614002370058 37.63246352678752 41.97908989135969 51.843243745499805 42.72508745613966 40.56054908174439 49.57041893412274 48.55911908294643 44.21938159992004 49.13271316850664
25.8424825336388 18.8644172857598 26.011436399234384 23.223635709831065 33.015907129656455 38.76534243026249 38.8657262669754 49.551987474142415 38.09834819899595 49.32316722528645 38.64018177124147 35.66421732016652 43.95510461735434 36.335399762806276 49.70443672187082 36.94783051674401 40.92954469506461 50.832774275508704 38.73054434334837 43.436426186506935 32.99179890934181 32.72875850374549 31.70134249052333 33.300118166738315 20.28128395519378 28.239711047705377 15.578968987986887 35.955065109209514 33.44051977907927 22.391428870104885 26.815017014320023 30.828218334828154 24.686417424255815 36.995718018954236 29.097965391443037 38.20907289872225 42.489212016551555 52.23566696649374 47.266057216652136 43.431350976289764 57.778823897269895 42.6356079978071 41.729448172098884 48.173270942344324
32.44014680713761 30.963423220068385 38.48316804636046 37.881262109011 38.2099855838067 38.282739690637435 42.386705375183865 39.108735667139236 40.35364954326927 37.595788018112394 41.04911126167675 33.293669885312944 43.093215154308616 41.70867047635923 44.80002943971174 43.279710437605594 43.574173446865935 35.31876914126515 41.86563337462215 36.156136558604146 31.68711877984892 26.696283598169067 26.085551334367853 18.80563721049631 21.8254041802562 14.077657002605111 26.480003963849953 29.239368753643348 33.96957188618234 31.635101129401328 28.35061939926455 27.95542205273687 29.684146650159132 28.52024722949014 33.20090650491425 31.931477758338396 40.19933214801152 50.606545148580274 52.242297703926965 55.88391110932439 54.20473838163587 44.532990597206165 39.96719912119677 40.78892174610512
42.87963967436016 38.720235278418656 46.297484131740745 44.989652492040804 37.412316996128936 46.02176300387545 45.97340586596951 32.170363890941545 46.36003439000609 42.337778463081854 43.75639172695469 50.39157734571191 45.23183888599686 48.46588606251694 48.10622829928217 37.57703865163332 43.36678794213942 35.748043444868955 41.46029626400298 45.273834713472205 39.83914702933062 33.61313242091136 23.52690370366029 32.10249848388767 23.09042849668873 29.8009613830032 32.70072226089579 34.790134012665334 33.057593242373386 39.059659048475076 31.234619240247262 31.72979809889732 32.31269695959302 37.12734314700251 32.68240603879527 42.239867363899286 42.53974623212929 57.91939970385317 46.25683348389021 43.54770785387797 52.327521437662895 48.30966782630213 35.01624035419907 50.8871216628212
44.50553495054044 47.2463634980717 48.84077796957497 50.606416756041796 47.710820380490745 40.18952241434782 44.75602628969365 45.99956923852244 43.2456959814606 43.94161102979934 42.331858400619375 37.55442731318834 42.40177410728094 49.09505332639439 48.41333150545812 44.80744304255691 42.74096809774744 41.05445303823657 36.89109585847124 39.18720202826243 31.002384647590286 33.26093579997165 29.682958394234436 38.58717939096809 28.630650235962364 33.32111536297917 40.569778045604316 50.594450146274355 34.36415069618063 33.92441703145086 33.520684093321776 30.821866984672063 33.487030319127655 28.769924235189663 32.287376373364424 25.575748367845474 41.75106439320571 56.14400336254282 49.82407016016207 49.467625736961864 39.79497821748492 42.7766409883519 43.03545489891228 46.87197170422844
40.27064056252579 42.985139602990685 50.50211994605489 53.607988032147745 50.38477202260263 51.40989771109192 40.15518666349413 40.11146830699896 36.21267114632358 44.01825466202638 37.60209671956993 47.927480122782384 48.254586793865876 44.1910067385689 47.867017615694785 45.017006293822796 51.67516161511277 41.065901086304955 31.355119796029165 41.44814827386145 38.66801002248818 28.243278459170796 30.50148906110179 29.02429655096842 22.610163702393436 29.163572759804815 32.602642829551094 43.64283263100816 37.16649645447889 40.70407199471027 38.15299530836393 30.46937118618947 38.11104217569802 41.21608053387864 32.33153103471511 34.50025040948873 37.02480968610871 45.56722194360482 45.67676300817138 39.97499940853079 34.82995269755922 37.50700759506763 53.01722288349554 54.970729588689615
51.278248573143244 38.16419390570193 43.92074089043514 49.02712932637536 48.66339735166048 38.68297988607994 41.82170625312691 38.60393039017002 35.35277109409353 39.856011859472474 37.98074073022913 44.97805075199767 45.387351009082074 49.70738029968796 46.27601754250814 44.115980084854286 49.931126551004084 44.661226453789205 35.0507920347404 36.72715403887036 30.738338306631647 26.363740561246672 28.59238094811431 28.816351924363367 30.71747099240433 31.508714322157374 37.37253819173672 46.306892928217835 45.374991983981225 41.8074774564124 38.66952837559051 38.96625787100359 36.86719069571199 41.79148320858134 34.05094478268334 29.198263177440758 38.43304369407921 39.57757575768823 41.0011422808306 41.13555543714554 41.12861980644857 45.019460764798225 51.704195233370264 41.33046151188751
52.61304318934273 44.03943066479076 47.97640572881204 42.312980925180824 43.108313418622586 33.904467019059084 35.31059884804724 35.71117187091905 42.71391246011993 44.49918004437343 40.50616529895978 42.71081767614575 48.21800200177039 46.3410222638366 40.69785988331701 35.42199731581449 46.82655396969017 38.636175639495804 43.98140119662784 36.882404179478286 27.83648284431333 27.21655072505515 30.466956537442947 31.319206240449304 30.389629562119474 38.78106172805201 39.991280444288535 39.23708485348892 46.61084030920442 39.803312273179316 44.12097358848317 31.75669350201758 45.067675339612066 45.8868783313166 32.44984512739951 27.3145682134457 38.31631977271063 34.29790803317604 41.41457565641266 45.325744577316975 51.502302949085745 44.34008344957583 52.92185828650945 40.916766819091634
47.6124756621858 53.23728054779883 50.200255881806434 41.57389176507954 44.5222074511692 37.1817652964356 38.8774774816657 36.14082741141794 34.40674155018401 37.148783210693665 31.581546107705513 38.55927739700254 38.68336802510502 33.97556965251998 37.93762558878496 48.464105740202456 41.9317731848258 32.88481691149116 35.949913066332826 33.12179235231987 29.004692063632522 19.456963196939682 26.796598763207808 27.336556462122918 31.596058109949112 34.320078718009015 30.0792892263491 29.96961569092361 34.04835113547193 32.785995713370376 34.69963910520464 40.22573558952121 41.01523702030461 36.22301996028622 32.453100828052186 36.90595587128898 37.59181430860371 46.4887959601347 39.57654252780979 45.667320918011875 43.37945126168334 39.927022644801156 46.224491715346886 41.736597245946385
40.990817728217024 41.86097904870782 46.0472116720192 53.3500642070467 48.26204320335007 35.22975204923077 34.48746763280464 34.38802440594148 37.39560059269357 32.71012945497159 32.67581866564478 35.51353480710206 31.68683887267489 27.29424049215654 32.14791010270338 35.7915976134411 42.00782978352365 37.01548510317077 38.88526660006636 38.17775309684826 31.257615250837603 22.81274417186566 31.934396640824353 33.95402066605968 22.467027780186662 14.786604046485095 16.805861422933145 29.144745178749897 22.16278485764148 28.8933222107465 34.81221039275332 36.894871589076246 36.6820300721612 28.878988051629428 26.68846625977619 39.55645920837432 40.11266041786928 37.41275588952071 38.452730319806086 42.403635294082804 31.497038679253958 40.61166404434767 36.25846478194891 40.094487447841495
45.97575234429279 39.044738910945384 41.34099498446664 36.9928174251051 50.110828156644416 36.176896188285404 38.54027597352232 42.474228039677584 35.75592121228081 39.73364934881034 34.61443889741862 29.08356924745093 31.449729245575167 27.828567955705413 30.708557882493537 36.05005727171556 29.038192620209976 26.799166012642814 34.08244664898044 45.162909221302975 31.770848018672655 25.01552299128948 28.447666814031138 30.360720896486885 26.59091657965216 22.634821323487245 21.559027308658525 21.796623758589476 26.89395667164984 26.86469552430487 30.965930848832684 26.06118722677053 30.227068947681172 28.32860144258808 31.054700852061814 27.509102774248227 32.51955465839806 40.622036704938616 41.7110380185691 50.29268268091188 36.92254298998459 36.3218355146457 35.357593725145975 37.52043104532997
