Exemple/7.txt
ncols         129
nrows         129
xllcorner     0
yllcorner     0
cellsize      5.000000
NODATA_value   -9999
[rows 0 to 18 of 129, columns 0 to 43 of 129]
36.11349552146513 22.876873045452495 29.036102709415538 23.858028158255202 31.412339749266177 31.100628841191117 43.71266546771575 37.88651700757958 39.94730825452748 32.05118988706347 39.3182558948897 39.28096703155818 46.26136273600432 39.214251935552426 51.31950010682517 41.85376336434014 40.14496264420314 43.50299076538294 40.844061420013716 31.666554980481113 32.312613298309714 21.229376490315673 29.634724051113864 24.620832233530766 30.113104643263497 37.205171019071955 28.254285122158155 25.241090996151037 28.734465415038642 20.43768591539444 23.28793890405946 33.60973224846195 31.155741804579 30.652561008580232 26.091210484838495 26.168019956973147 31.45130331948526 33.38059920713617 38.99607965323797 41.74479535429652 30.696196322073064 21.853939468115293 29.38943505421562 29.198644384922712
34.12847845840421 26.984685601762706 35.18970742206247 28.96116927731975 26.39460220673594 33.09002184667581 37.767589700667166 37.1133581350787 42.622051647003914 28.823694843316318 45.61472802257328 49.45759150027322 43.66389328669654 54.2908671993074 52.768620900705955 49.3987839708221 38.74313342854566 45.97477506398746 37.13169055834556 32.312174590134106 33.834186082662896 31.74486676567181 34.63614181983485 21.145069024226387 29.84370081388438 20.455448871846084 19.39554468888978 15.39568589959879 26.234838964636225 21.835470556333718 26.24767045977608 28.27995547716661 34.19943011130273 29.690956872139353 21.492044928756403 32.45300520263879 39.06220481102154 33.248375088747906 35.54010181061033 31.744748907298053 38.4532545799339 33.775902024918565 37.24024331744995 33.471981353717766
36.55543670387488 34.82527869843057 34.396529271473526 39.223365154548716 37.15624545418839 34.52777179358202 39.3072360266652 43.9925023438885 35.832914438063426 32.83653199930036 40.660157667299245 39.25854829339269 42.19792811586147 46.3351337434958 40.18381997888224 47.24259008428447 36.685103563775854 32.32202725763652 35.38316264228418 31.21714357432619 27.346353645215853 20.85337186946243 31.06891032567981 28.511639807643043 24.53158890453151 21.489303454085324 25.11571761445149 22.720835639615927 28.12261956245767 35.69857777228363 30.46012380440061 43.299606072818605 43.820021757385305 36.38807358973143 31.83877165472056 33.661810461487164 32.71893695496886 30.175617299797974 33.686337150042206 30.26994623050664 31.91741465315465 37.993916076926354 39.21549048123153 28.27307494260575
32.63108604378514 33.60702383074909 29.4810668912936 40.969762605843634 42.53617391192949 39.28039151277696 44.356603708542615 42.62803719255329 34.082259820475244 28.133777582460866 34.089298093008544 26.548127431863 40.19615053779441 42.66439191700075 53.75868592123434 50.58563921366092 37.20286579678846 29.8038177933973 25.905733848060393 23.905269387476395 41.55573387122227 22.536440385839548 23.046095107748336 33.85818201219722 29.418711994943983 23.01790748904165 26.303141570074885 31.657833352658113 19.57053801417359 35.54168874122587 26.766177321420237 36.56631684412605 40.95840146260064 40.51993766924414 39.735588874732734 36.13179765561456 39.829755549497 38.823618303163 30.172044183778652 32.74428066378896 30.362792136211954 30.06605215597582 36.12637163410433 26.868397247196413
37.003722595787956 40.291852111878924 34.34644104377529 47.47197042317323 41.09815515195623 46.3263289164361 45.82281224676815 43.05292791860843 40.09788207624365 33.81682160510057 34.0707498547802 37.04669079205873 38.85288223818037 37.44624980907706 47.02519871663547 43.82889548901677 36.22419077398533 34.13237577783535 32.18134962445352 29.040119701152662 35.244612649287085 33.44295470037794 31.38947255490092 24.49850081976708 25.394131532881985 23.423992596357486 21.71755862367843 23.701757263541612 25.959874345972835 24.32304989054434 20.84964257500914 23.6998036228542 38.47175243974876 38.88675289246269 42.454436766788255 37.03147645222987 37.06469696516167 34.76129666363225 28.234711539648682 30.66253976582414 35.107515654839936 36.73126910062285 30.382672229649053 31.3827179931362
32.79991238178337 35.87605602146506 42.24896626433963 30.005659440455556 43.98406723450323 56.33451772248921 43.0833537093438 54.81519835024514 39.631280328761186 41.83113311623708 38.78352404321972 37.15144989408476 34.489963513237804 36.87011144152147 42.34642601743218 45.61020169544728 40.21969447253491 41.32705536026312 37.465214204710705 27.30837519074689 39.56509603894991 33.35195159598565 36.59568934550403 23.650917174125723 32.07745399668288 33.99646408808873 22.800596551386747 15.900458151534252 30.81483556973965 21.419970274784042 24.30940283043528 27.4865350956548 38.1577476944955 48.50447449027744 39.66266363458271 38.36204951720522 43.180775313010635 44.04245740313877 34.1830310674095 31.65639828178221 32.27369569254096 36.204553878867905 35.29946191115425 30.668827959228423
38.74948554336112 35.06327170996866 37.1312905504618 37.58704977751573 39.914087936209526 43.50161361851815 43.9491534509057 55.538757274476055 44.564490930666175 47.534739317826265 43.43895806338702 39.834258818156016 36.34518794217332 30.513416065312 38.05974962513488 30.20333176974667 36.48921159870522 30.196387302766272 30.995244636913647 22.55145177093677 27.53405431477977 31.103015911909836 24.846936999013625 16.861131633696985 22.954003346325877 34.303996286636504 30.497289954394798 35.52218755209911 32.071820796491544 27.84312541725373 31.140305944392217 25.299938487142825 37.57922172329457 41.8706864706152 42.047641109515205 47.2658572931219 40.27414133767428 38.5379101513131 31.88438465505118 31.46371352312178 36.23269252842272 43.631713943976095 37.54183113960636 38.62916925476895
38.85927513473467 28.030229023566086 29.152357040782704 23.019227831087303 37.632220819219455 38.74329574057546 49.89228229609225 52.75134434508721 51.70420520233199 51.45306837366091 42.88143659365137 41.760669860685546 43.4574597899418 44.573250334585744 33.36827201390251 28.55012483551291 33.29311679246169 28.215544560889143 25.446804224305293 26.463461063027164 28.660183158889808 19.009502503335593 23.501443271011212 29.826426942557372 33.12282011502659 28.535187691531675 36.02048530293342 31.329661898474864 34.2298798432567 33.30049813381557 29.72560859205897 26.54198459047632 40.812633851579704 44.959919285148786 39.63236600717212 38.78145625276541 28.223974449392202 42.034481371716666 29.741178779615495 23.125612168046498 39.16863167081139 48.96107468069397 39.29001688856589 39.96224102546577
30.049426972568135 23.20187967198204 26.423957640450503 37.24462261548588 40.01549825256282 38.08268940742137 37.18292202406511 46.5063443644604 41.742733871782626 43.010994835711074 41.36597538114081 35.96671053419054 36.65921090947127 31.550800898799036 28.61829193740198 28.9108488211277 35.176274530235574 39.41447621778309 36.822909482984535 37.69692116561379 27.687806180633615 27.945947311881394 29.3520346430442 32.24728085778274 33.17115381699248 30.764295092404506 34.09670243384501 35.029154337863645 32.64886893028448 33.43049729543503 40.63749275726334 43.39300210114426 39.519908365904726 43.30029524584767 40.82452058922253 37.19463071913064 35.624269785704946 36.23980993311018 30.108950318855484 29.699950256912963 36.1630746533475 39.25834991372288 35.187077369485145 27.962417276079513
43.69002470200787 44.18263934932293 42.783681598865584 48.0920379407882 42.59192334948952 39.212331767897425 44.392416502930416 45.91591300499613 36.68106061875831 49.254297642234945 40.207350362150265 37.78723917200007 40.293291480396675 25.344723374499942 32.40209511052642 32.255262638459875 30.389734058251136 39.4316243170352 41.79699851178081 40.73769136471148 33.34850989426602 41.68303016192967 37.64535615039049 28.937431646595506 31.980909380632234 24.28500653757599 34.35912591142287 22.359323615698784 24.839115449227144 39.64974331726927 41.78776784291044 45.80012354394887 37.30200667928102 40.5273005973102 40.678870044632205 39.11693055182104 40.21264786100515 29.531080472286824 32.16450127253732 27.582883022957393 31.30275441470682 38.33875776692288 27.902908387931223 22.909681436368572
39.01948245640472 49.521770863827186 40.470693659400155 47.575959805820105 45.13223767109563 43.742760291508844 44.260735567140074 50.99176323894301 38.69408985345726 38.62378010915134 36.08599161269207 41.79890527328843 44.30415806327956 34.51438358433446 36.15428603611409 31.73050880330654 39.38118420620286 39.93983404532581 41.61191772229229 45.94767443703776 33.79896577509909 35.934089279120165 35.4418251981926 32.25538549485969 33.57171031026637 39.64619709352095 34.45181093997877 41.75042451429253 24.220313432320626 28.647459306649175 37.20749938955533 42.03510490614809 39.39649880424082 46.70275864539365 40.178922102944895 33.73600002954247 34.582051408477916 24.459539438420613 33.791665298936806 31.917895986050322 31.963343366376385 25.25962855820577 30.61407205502168 34.93740395736664
33.88413718159131 34.09326939623346 36.6684467416781 39.607249070503315 34.02052117534289 47.9556681597375 46.370173264173744 38.78193956991312 39.84402572946572 37.29995784231493 39.03264006459511 48.317614488317034 43.63111846412619 39.605134172341195 37.7297702801829 45.612367552500764 51.20729728197663 44.130875411598254 42.08374757863922 38.88076608956871 27.579101585839393 32.3920380770144 43.396467241788315 41.31488977802499 34.316468570905585 43.936185297480435 40.87391707718657 40.510665150736315 23.721243159077112 39.901586885509744 41.50644274815624 43.970842942002925 40.0874115165219 48.787354277509536 34.71887303137902 45.14431138426758 36.19670519305132 29.705890087482988 32.51002339533166 31.464103260714232 40.71199333393322 38.99924534725462 40.21467464763735 40.702660771704544
28.09022458729826 37.98640061870226 32.387741414398576 34.373363918777756 39.670814119354574 46.22039726152236 37.52606505095756 41.057077601049656 40.007900667489196 43.50628631191099 44.01178684897667 40.243715245016986 41.60952225212769 51.328134272124146 53.09653842780001 47.63971067152598 43.90269041040314 41.82025112237156 44.428112237858414 36.54142794673665 38.300562606921034 37.848837341594475 37.21765889722751 40.37769199461911 36.07028614550654 35.16065558075529 27.69457473830709 31.698405512619544 35.391391385087715 31.47586288562869 36.95102862554219 32.74364562671771 48.34675948019979 48.29821952297071 44.476911993227134 37.30840723971899 38.41673311260517 30.928217766851525 34.08407402946857 44.43260182693753 38.03921679549144 38.48480743235893 42.740432489235175 46.48606232168833
31.21628519023448 36.38009836172058 36.9504053712255 33.16654233754569 26.873633361546126 34.574488526016225 30.3925008744123 41.338265367987546 35.553976116672644 30.918348154346557 38.620215105434795 42.037901690377694 43.86107277089152 54.427947016403145 56.37019622751412 51.951244370146355 45.03228710136271 38.860444582405194 46.908765174357086 38.2251941880495 40.82027014942408 52.63761134373716 47.095741204635225 48.712995695270905 29.71191224286637 43.8788822872235 35.845788537396174 37.66832703349667 38.029541202764264 40.3798845141458 36.57547248203049 43.53665407906833 46.33608548505906 49.13973437229841 47.37061359357382 41.13676963818486 36.46452323518123 44.64457789051548 39.167455364694014 42.435621029730825 43.684095220629594 43.945955200694776 50.235129466145764 50.865923859141205
29.6017753530855 40.75643824136062 40.30424251029502 33.791016192499626 28.629338258840185 29.996359606924024 32.914491685182085 40.93634037568418 40.2448040339742 38.88526422117332 39.29245666142822 39.57799607607622 47.8063155113212 44.018056546204384 47.69512170819227 48.09452224133293 42.02309295099241 47.968089801053495 41.547214688520356 44.487953077325606 38.499778544290564 42.32593905802821 38.44168899578637 46.26298474612338 36.80127151292368 38.83581753317717 40.75871431589002 45.271739155205665 38.2693929579037 35.361155010651785 39.60034779582527 27.774562844315383 36.40877948328064 44.05243867217112 44.81747451957337 41.320105476187024 42.56753063571546 44.102919964495854 43.71629528597545 39.29527399879444 48.78919328162482 51.01935522288272 51.64187586336869 48.01264296539675
25.22058452394329 45.623876852459055 39.470125724533865 31.460980632321096 28.129673284463724 35.954234839361106 28.95041736042836 25.743442011346062 30.353067954437076 33.564801249047406 40.430499715532406 37.308910154034656 49.80905236351923 38.14535016927353 45.6178727096761 52.310734658481145 43.08365988443117 46.97070358422863 43.15626082928736 43.31858931491435 31.82975929993301 50.03832559309083 41.61286215712704 41.41403746022472 41.52344230080324 49.63364131548959 51.82042046690412 44.30924710739971 43.91098345477707 30.434955564708268 27.282045816230166 36.698774268906526 35.71107136257017 57.61591617782848 55.73060652006889 49.417184287699115 55.04659201119215 50.34213191361171 42.97703387947497 47.7642879983207 56.84599011492187 57.768716090161405 51.23733900860837 57.51926083608388
40.20243501038723 42.96866422416409 41.16064493415242 36.629771464960896 32.8261691103766 33.81141082362724 29.654636786875148 41.15096205776232 37.35191181251267 37.6414768819935 39.64369902370724 47.12501597966626 42.062602140913796 36.31735216920364 38.31653439531162 40.25123176128221 38.16072942297512 44.9172285737565 38.62509200439829 40.36716944006584 38.90720076997496 33.63794884524269 35.40907030675025 37.38623285934478 37.84408082881066 40.035051498524126 34.605018971697234 29.696690333999626 35.902075839491054 29.15384491066752 29.35671777982698 35.94807141409214 39.012557232317945 51.71782429702937 54.72669807350256 44.65080600626695 46.34409709078813 50.844299001017355 42.68149126490229 45.420245737875376 46.77598815866266 38.54602902408293 37.76203435723495 46.4847710886349
36.2805730064685 35.456782160164956 42.513810920558775 25.815576972762237 37.14720897143047 42.42048592849859 37.73361158809486 23.661446014733894 41.856240853681726 49.50646074125973 41.32382551205157 50.14939782421855 42.360291575930795 43.03316656324394 38.37105881982211 38.054161214910074 40.73320960181269 49.18859917223708 44.09864402483089 41.62929709726572 55.82715350768138 34.70596616796718 37.78954822121021 26.157483742376215 37.2890549026432 30.951134658733714 32.103619454946255 33.99261469004654 36.55153265231493 33.284821945223406 35.30897146425994 26.06661537903661 34.62260428661269 48.51773966232973 51.22975593544605 47.106144794347614 38.392839647491655 44.24561692582874 38.38652534236091 46.21827256258452 43.25595926061409 36.24098935867359 36.672295242001255 39.81657845964029
31.59484327274635 28.84890936797575 36.55139789075204 35.57617235460616 32.177630512755 31.10864854720477 35.492200641457686 26.5054203573634 34.849092453206296 46.111547326761546 41.621037978957915 43.73608939820981 46.31704673542563 48.92116643501651 43.36455774037329 38.12975505546966 39.40873673727589 54.90795588109555 48.15897635819483 45.59373164955323 53.52593476066849 48.57284057031989 38.45188710439775 37.036354652610626 37.71125700093717 30.179373932220187 27.851633109321828 36.759884918597294 43.99277835864776 42.23909758504992 35.61375943740602 32.93919214574885 39.19239041533774 51.17100156114657 45.33752225543664 48.14461309899917 42.737857740166426 37.91300279882863 41.4194106446049 43.60414513114081 44.82774898351859 51.761688746593 42.87772985772404 39.35096254069755
