Exemple/8.txt
ncols         257
nrows         257
xllcorner     0
yllcorner     0
cellsize      5.000000
NODATA_value   -9999
[rows 95 to 113 of 257, columns 0 to 43 of 257]
57.35097484195832 56.68390113205224 59.965078250510516 54.40987978761313 51.95659151454399 45.94427852967919 56.16688552227001 57.69087843502215 65.17308360147936 62.52820710400899 61.51421992009644 50.821816208563526 62.53142015122711 59.41288729213491 66.22387780563625 61.06907734384147 48.071176816839625 55.50623761010834 64.19061226917147 60.41845101714773 58.70553961933088 50.49306999193686 44.32166559492488 41.394393297395055 50.62326176101271 52.12041654051738 50.26241944275911 44.86295132616738 45.594153556702906 45.264832223510105 56.123040925889 64.21099833495204 59.047744824677395 59.830868162316364 65.04285947002117 70.08372341917536 56.795574681085576 61.18890300061739 70.27090077896622 63.39096866186705 60.88828229224568 53.17821992265889 58.65255331850041 60.86826105123733
60.84289739708081 59.23123727810357 54.979649121168066 55.629499488516046 56.7305776192017 58.68944467947577 59.38143290237872 66.36169500837718 62.8951959440049 59.562355865402445 61.25602685855277 62.54326818039053 57.51874928290559 56.4299649281771 57.20494535478078 56.661755875125465 56.63093913802068 61.64608561350376 57.987702491749815 53.931286979262275 57.91395206503469 58.229869792575116 48.69627887490646 50.59401315256369 51.560918335621224 52.40545318111505 47.56081986523802 51.09423838287747 48.08853262292598 50.95185169854899 57.62991505200969 62.426320773428166 61.265488493426716 70.8155042680485 64.36791807408042 61.122900899470594 60.71292592394185 68.31672303965985 59.19759106720187 57.714151823052475 59.4299887554034 64.75959463851277 59.42225957848239 56.599876195989204
60.184981529708054 62.55767630048807 60.0708539885708 57.95032203678002 55.47507267529974 67.96927748463256 50.171865838173645 62.185316306606644 62.462718733000145 53.297878704183134 57.84112401678173 58.952110659398 60.206097972458906 45.45367643741971 62.392364129693135 57.01169702163743 57.00793079721102 44.90017098258309 53.10982697713088 48.837619732719865 58.96522701862078 61.973476664516035 63.465044755969345 58.774835724333585 50.617795766323255 63.96281768960178 51.036312050074855 58.172689446641996 54.48372832306026 62.4075344873779 56.1314520679501 65.63362998179025 69.62809705079704 70.77360810592688 63.3153441847175 56.96621572949968 67.19557011117098 65.80192781425336 49.91076766779079 40.98042547231184 55.07831442922467 48.65850332417694 53.19366880675501 56.960522620474805
60.58255754927692 59.09665343575982 57.865919322279794 54.404410254137844 61.5083577935754 59.090682038033734 58.61432551522692 64.37079810325325 62.49388800527976 58.78830253817147 62.404791721134565 61.62328642958031 54.97409252432175 51.923842118422314 58.09656445844138 51.24484438964154 49.89345629668495 47.125488739013484 56.591486833623236 54.80391130397097 60.394995337992995 57.549255581803735 56.515488914588694 56.5022365296203 55.759289766449555 66.33815839212812 55.41784865785491 49.73563585922871 51.32627803504583 51.6458016379311 58.254721885601555 56.229035820912586 62.37357047112104 62.17793270964255 62.670794374334456 56.67317314945048 65.1074825092527 58.82047804424866 53.63441751401389 50.161442977650594 46.39809612994645 49.84416537353904 56.823310102453334 49.642271641416684
58.64229323096151 50.62979008050769 60.02411936614942 64.54692114970481 53.45589630721365 53.521191559958254 60.49305981658434 58.00360903341283 68.42396195961209 66.6420659284783 71.45522747479738 64.18724989916197 59.00907477153633 62.832130970439934 50.51999101796011 55.8513608868478 47.72283952014607 61.34861824535504 58.0121791024432 60.67109665632177 58.31383802457084 49.4333219457449 56.16571027302139 55.22419931483125 59.965767079266975 61.495519441675 54.20912374228779 59.60763901846211 55.284785013268454 64.5055248282948 63.03907580560294 58.211997248356205 64.42956956125666 64.05766595428702 61.81456365950997 71.67189681184924 67.82367724595393 61.69677901545231 48.3917990656254 46.1287071744116 50.801762054001514 49.12689893520485 57.15995738894493 55.85909011818347
49.12110853948843 58.74330032976616 55.761356646493695 59.325694111253185 61.644455504979426 58.881450981416485 55.75317775500248 57.37654575918236 61.221455926254805 67.57408021187086 68.44995483444396 65.1034264958903 58.8452446390322 51.925966266065885 54.06146227853451 50.40498420932812 51.535840176613945 54.10262126698463 47.189436832863635 56.86167176194938 51.676789770598035 59.455909562597085 50.80307866415423 54.677199427076765 52.21207566816164 61.75902620863559 59.071118678404844 53.55189327531201 57.97895878010006 55.382104483809655 62.812192290028385 66.81596365857733 63.054452872513714 57.42015401522089 63.87590654492296 62.412829892842936 55.40497018074555 59.87578945426351 54.21777693537379 57.98950166133171 56.6055999885778 60.611112396404195 59.870258770270674 48.48102595120855
43.18909089441286 44.08380979177791 50.985567751715365 67.68818589198568 64.75103229500122 59.261852896601965 62.68068650675965 57.12423069573195 60.14732739848897 62.25752964332459 56.357527869525185 51.7357046036982 56.960440063318664 54.66681056490071 53.37764861377206 55.53363510715447 48.89924278560741 43.057810510686636 47.65203655715091 54.711879554358006 56.925948984374045 51.91215593493699 58.08975830579985 53.63190137624448 56.63122021122331 62.119232703142856 61.528156668723824 49.00671504913664 42.942389599295 50.43338327143046 50.69340508918134 68.76108288983525 58.27078474958022 43.214915297818195 61.35494638216403 56.21997081639189 46.36968570259982 46.207297320283466 43.21636205986928 54.77792001604709 55.88015670198135 57.58712304394465 48.86789746896573 42.42600665267644
49.132407227351536 55.41793197545883 58.49369108726801 58.76951945539457 62.23474192252287 63.20500783365481 64.65052735051337 61.68069383111265 55.89453784357442 53.10496993920296 53.89126445317142 46.665073362239895 54.03178495446136 56.38531564258838 54.07059881739433 54.18078008672913 52.173385774596575 44.25621914298581 51.19522023564175 52.95982375913889 51.49308934398709 57.22397395768206 54.26119185816395 64.74610080251216 56.7910080810355 54.015587239690404 58.18386022764459 55.45240645239262 50.4286968677823 50.6080491879391 58.37440129586664 57.78450515578408 52.69337159916033 47.95262824498976 52.04471493403426 53.59671045683007 53.980873287735875 46.10675214992425 48.235405041339085 47.57384164166667 54.24940346715728 53.53647968577289 52.24882673282741 46.52847999207505
59.99744758258463 60.42065873762914 59.20821476862655 69.50563194837 65.44124767393276 60.959904977284744 69.45547482397168 56.14080805133466 56.14028312432237 50.78059945426401 52.3109543179136 60.775375948944315 52.972236587409625 58.653233932213354 53.84572211165619 61.46566166735064 54.37853323178221 53.33865615998299 50.574489567448055 49.72215989075217 61.665158923292296 49.59513444835571 54.23075181000788 66.16937328802929 63.01571298827995 61.1434215730131 61.992937552576755 50.55190883034152 51.71884616973075 51.46575252358862 57.48537545476239 51.413059387021136 53.99640554975076 52.29614818434662 52.90029557606688 51.17205951586838 58.28592837517857 45.17867545383466 55.87106778692949 55.96143917026726 54.857779951712146 57.65485373717941 54.85500953091055 41.02133281292923
56.860229076941636 58.41777836907434 58.234794524183904 63.2302708461465 55.98717127000389 66.67640286734141 64.2849463966532 62.880388712244816 59.28770012860587 58.76390976426808 57.08143810450291 61.55319151904267 56.42980519294172 53.744179541079525 55.078944667169765 53.282370665322354 51.10339508056706 58.473124920159634 54.35819099562643 60.53575839092976 61.481475762824516 61.9868450308098 53.0694562906495 52.7847425537878 59.90352471145755 65.33314102684153 57.47538300737477 51.76596995564655 60.62677124375436 57.49379580090054 61.74805344766489 59.432134824490284 55.529745281991566 61.32043436103315 54.95811790390461 50.29458327008115 48.299175209073944 55.49400559299025 60.100763042657704 62.604767795062614 52.610519319068075 55.73105683570416 56.57418557574192 53.28875901405028
49.51999932512853 61.40193157713153 55.78843814847425 52.53935025718198 48.634869105325755 54.635105308857426 56.14878415120879 55.94258646646933 59.940915507403616 57.70297974974497 55.567314312742894 45.2271194477313 55.63192274196406 57.018906462045095 53.216985421041144 54.21223954276213 59.66576315086402 60.4936022779511 62.53610550333593 66.69386178404683 51.64771183987351 64.08219770195888 60.95652987576538 62.96528032531398 63.03461202787298 62.26148535939258 66.7475985255404 74.3380501377314 77.58284062558559 67.01782790370507 64.51455909117709 57.97874027320092 53.98320142316265 51.27636351551255 53.507001796501804 56.18657974925384 48.87729933431105 41.602567400783734 51.5082012758658 57.80539820501771 57.0012730041132 47.198048952322154 56.246654503449975 42.50875888653718
51.76855655027552 59.04287799507307 60.88597100579174 57.65841016585749 47.602752628993585 48.43396795507614 60.27161622035961 54.785058917078786 59.45575579513465 54.7648353738353 54.49643554473833 50.425419221558556 59.304144807253024 51.12401819529835 49.53345660277323 44.79813684954429 53.28547366023512 58.56593717032929 57.83706056541977 52.12776721840882 51.04728009690334 44.920441559065765 57.73992685606022 60.85272241813962 65.09606101780368 69.46646938462746 68.99988811354318 69.11206799480607 69.94008720662106 59.21412648359489 59.11207989873238 64.63983257644759 55.808172955976715 56.423087838957656 52.00268164612257 54.78013473554094 49.59632331331072 43.19311465741745 50.3748459037526 47.91795161151731 51.99889112127881 45.828977621635865 48.93349527068153 43.25976799570637
62.573942929308615 60.6326129940747 62.11339542699183 57.43670607133083 58.93301041281689 50.805551118915595 62.40272764503753 52.655901442125 63.334337378236356 67.03663223290377 57.055793805224056 57.64528623920558 54.468018492014245 49.86815626447567 49.50778592403611 53.05638990917498 58.49841088442038 50.389019522405945 64.2483518037752 47.34319994981402 58.352792395086155 56.401106072072274 59.554741110918854 67.57049049924532 65.06183415699586 68.95049456114498 65.38913122683914 71.23432861915605 67.92837658914333 52.3329531144572 51.48873114958577 56.06223018887014 47.03691914077835 55.27402705839819 49.908694822097274 61.23463703953084 49.49800379535212 50.6266000469475 46.635170458564936 44.58202560821127 48.296262915404675 51.75278701799387 44.67953611766322 63.60556985099011
61.990474217618726 63.568987610688104 65.90722468298507 73.93477090442953 63.749744263084594 68.80034663224131 59.462726491170905 57.42249887485896 58.560517230377016 49.74456823424063 51.13845373165471 52.03555136124671 55.03747994891485 53.89023557901916 57.366163047549634 59.718994236164505 58.45924008419469 57.218225125280114 55.761996392548376 55.91054937150189 54.07587597645178 49.25365250397846 59.176664769288614 65.68605695843962 69.36072713034025 62.40041404669641 67.29832263465389 67.88366940050335 64.92680892647888 64.69181390168266 58.07214245116179 61.35823835587443 50.73306674197933 41.0431089755581 43.211036921386615 46.35479609592217 52.76295591035785 47.70171924005806 43.84064233606021 54.092912275110145 48.893082159806724 51.29324338352057 57.538605757744406 60.63425357644783
61.25036804576517 72.54671234482328 63.577114411316686 70.23688039302047 68.5078927255326 48.52273077953771 50.44475295714017 57.19127155163918 64.71693912981101 53.467734986818854 51.254230743893366 48.555423680542816 57.481031918497884 44.33726831781946 49.110124028663606 62.46918496392879 55.17402831243652 63.05058171546987 48.15764636803006 61.0811651820772 55.9257947338084 48.030000264564 52.075675335307835 57.61336287505638 72.03193340971644 71.1663227271714 65.28602883098264 68.48031328291562 73.1938386694352 58.48793235948753 71.95964524298486 64.14065057068571 58.5944381379392 53.681677101248 46.029266649965656 45.9839149359331 49.32149382560983 55.12228464264168 47.53784454364649 47.65925819217946 50.034526216983984 53.3299905552698 60.390298978293835 66.42818347478354
60.48053227477192 64.2392652306707 65.32443020725444 70.44696689234674 59.383355333940855 50.21232662197594 54.06777723052889 52.693784445355305 64.41714100693126 63.824728270922876 56.96478605245511 67.61092115752987 55.73689759102317 41.2645419408494 54.78291739510852 60.02346014616805 51.58802209032987 54.02510638681315 55.496536931687935 64.55049313505067 48.25638846545537 48.063379126068426 59.14782033194712 58.48482979339185 76.27278113922924 71.6656582257219 65.55016081395294 71.42965485873916 72.78868566981906 64.68949325242211 65.50771374042156 60.39440707929351 52.39199068279305 53.490623038504324 52.43151683772256 48.57664227070158 46.64859288453188 49.24461008890705 57.96182810134928 53.62000204209954 47.355820908454376 54.58769005507911 61.380737641291944 61.43828947069256
53.94530309849385 69.6733800875601 65.61506879919357 65.02164287010748 58.193886667300376 63.72041186220524 52.38575342510936 49.57677233884632 63.99671590289509 61.335278597110886 65.03026415973983 67.81155623713168 61.60457068481316 60.16836214714403 49.546411441512106 48.176790056464746 55.7766634558139 66.04023911285725 60.72715281096911 61.09408639606241 61.75170794637192 59.343336597541594 49.7068967447126 71.67863786233167 71.97596886796492 78.61691568038012 71.92313835704955 76.88141025118325 72.82319786006914 78.47619269749424 72.10834131886168 66.90324398175935 57.83974130534688 56.216461021152355 59.338034343560075 46.448610076957166 58.360795110605025 61.65506898434026 56.61936969700981 54.43583182062643 54.965357605592516 48.431027597113435 58.041874042224876 58.10433517694725
67.23593864174109 64.50659881116391 61.000133138534274 67.10445733530402 58.879228752273434 57.897573306162315 59.37538542835915 61.226700401682116 68.1726495144629 71.11633275165596 61.297431591754936 58.781143709399224 57.54819801219703 49.71247310101132 50.92316591850863 52.72259800381282 60.569432733188805 66.08135420079336 62.96086446555975 60.90332653946348 55.604639939235774 65.11822381051064 60.62595783358738 69.69418062848766 64.341517204292 68.31705137039532 71.70741987603195 68.70499767406487 66.25495838430516 63.32270749389766 64.72456663433027 64.53098248208937 58.73066627740431 58.36334490605158 64.82235899620252 55.77956905071605 57.95939304455307 57.098369329913176 52.995585999968604 50.84619329084268 54.81105981732239 52.55300025826651 55.43994401541197 59.241882923570955
79.3223307902053 61.49273130675025 58.64593592158036 67.01109164679607 63.91938376013498 57.82466582398823 70.29310754231739 57.57652952939675 62.74464401343434 56.66045054242432 58.007710724811815 68.65367557843537 67.89970432234807 52.73855973885364 63.01709418288093 50.805301929403214 65.09756610774087 64.08793043846093 60.77267643368621 50.110011589592226 41.665648539689286 44.9429074628267 50.340544476092504 56.16531918117167 60.4870670919767 60.80743747973568 65.82071117082562 55.82455535340028 65.07699122960898 51.58127454815131 58.382110495781845 55.87674212696264 59.25043258260976 53.47990208750356 54.691395706198826 58.223505621279855 49.876058814893184 43.86153974772241 47.89174223951123 55.01838392257932 53.124520763573585 60.12630071706228 56.07066745008223 46.53875465888533
