Exemple/8.txt
ncols         257
nrows         257
xllcorner     0
yllcorner     0
cellsize      5.000000
NODATA_value   -9999
[rows 38 to 56 of 257, columns 0 to 43 of 257]
65.3830893278046 62.78529010577127 55.763745542058516 51.236384298408694 52.153278463244185 43.82926522512304 41.70186750830348 48.747235986531976 50.53618247924547 45.19874551991404 43.24385274159994 34.93672071975067 46.42670434081265 39.93908285621295 40.65154559737656 39.88172817985317 54.638839508776584 51.72805461635899 57.92516084759596 52.154787211630364 57.36724249819632 49.52946599248945 50.78374007732424 51.03350726146019 54.91853762252545 49.18966222491645 51.99557244882192 48.49501024545545 42.87963206629398 49.45897646171194 58.27675281431479 60.54601931228744 47.31892813493276 45.190241335961474 54.43252335187357 53.04306689972721 50.23721886061234 42.32299945466783 44.361260398233526 45.63684170632499 47.25019872444226 49.097011759666444 47.12334943915161 44.6331614916749
60.70643427233618 53.5472754620019 55.10461105182435 52.728875788526125 44.165161310635916 44.32163872032814 44.02007477589761 52.12370913989999 48.44226570487674 41.42357099225815 48.71904360498358 38.61526647918515 49.728537537082794 38.195484771664965 41.05001588070155 43.24317054669264 62.22177245213194 61.68578095793657 58.410252671950886 68.3941985060807 58.15166856091224 51.039724904290765 43.40217136560504 51.467510164993186 56.864978269055676 46.919660673714716 60.15276959261787 50.61056248173252 50.55505337917856 58.10309474001757 57.86319997893697 58.34060330820385 50.264120684319714 43.09044086723694 52.6689054498021 63.53003731601264 52.36222133035328 37.80618050825197 47.04135899655172 38.26537724962934 46.30926916987557 52.36740512931526 45.46081318564622 39.64013038191849
61.105043172276766 59.021136116166254 53.876454620830884 56.93780566215017 54.09633941974252 60.50464958048476 52.1990055892139 52.36805328537207 51.34128828134689 41.28601151723115 52.68890702019503 53.19457729872266 45.435465545281644 45.99054679822209 51.16378205318435 54.704382843598125 52.20289666292709 53.152167551946434 53.752307131311966 51.99435949408617 57.21415796709033 44.71782031885266 44.76483468985031 47.78795692281834 50.91263739807856 55.65026479689728 61.19056861639379 60.634599908320354 57.95755876205146 52.53827201065817 48.34976249018886 49.69313638661261 54.610738997962315 56.25324414941504 58.329211476267574 57.73645686290152 50.77557847143108 53.37679687778051 47.831995448939026 48.41369805596116 48.75895925285303 47.71444264031431 49.60808809857634 48.81629274805954
69.99520112882041 55.53936843567177 59.231732144730714 61.046177862076604 60.531863092524006 49.79822480457192 53.916396229334254 61.270216920757534 43.08490848651445 38.34577749665308 50.41039363910842 61.48478489055146 49.60453744726948 55.78945021778762 56.04946855932171 43.24409188693723 58.87425038380455 49.36337425925936 52.69599113145071 58.13671332777386 50.07848907580726 48.0402859007896 47.18730315595747 42.25613697077473 53.23866898096692 45.62824998621098 60.835522603607004 60.23029251310979 60.13493084661997 55.02055353393442 57.67535528146604 57.09461790346442 50.67702585897857 46.287323491554936 49.59995998331554 41.43108642279979 51.111486156198545 54.536023609545765 44.760244969207804 49.56347679183559 43.09441450488269 36.820384537177205 47.475471987489236 49.02328650219767
60.571047794493694 62.27344954278446 62.15487381621197 63.88332432183306 64.65869380743096 55.4095361909463 56.50129546853195 46.85956221492475 43.05424065975613 38.776782575069916 45.22050519612607 40.560981532020726 54.997056301982056 49.364410976893936 49.81411542119237 46.84833971262484 55.929005858420986 61.96933718245797 55.347658685764884 50.08953116610252 54.14075086663851 52.29627200379908 51.439703433733385 50.230361165927505 45.55062830775356 56.947859618706914 52.47255211043671 63.00269114282595 59.17089539918471 60.34056003615264 57.99258199427366 63.43320922074365 62.10740820216496 49.55886978930819 50.76839210320592 37.33148957952752 40.98049610605082 49.56958975050311 45.698531726450355 42.91643562050493 38.84642297679372 37.19385458097642 44.51261261092048 51.5733262226704
68.01703051450838 57.03282174284247 70.21948342021943 64.50617192919188 61.2033977418737 59.2330756884722 51.898134943926664 51.079605908830885 49.507024759118664 52.19612938348328 43.896167910806206 52.823369599479776 56.30881685678876 44.84787898997688 47.16445846859372 55.217191104539566 50.01177308140663 53.81279809955829 56.585501386006584 50.553451744510866 53.14034536909942 44.564663240333 57.343074587882 43.61867584198476 49.51263917323807 53.710881590166046 50.257665097548625 60.925408722351236 54.345079402427366 48.408398802252805 52.4820050567036 63.65817702458068 63.54058692986417 44.726407532531354 48.100481344119544 40.45172823625496 41.02594219293621 48.74236501560637 38.22528700360759 33.372302654044326 42.168485391203106 51.18284567394404 45.23199911912235 51.74764534107477
59.03102433665099 63.87633818647697 64.55138032399151 60.99076800164818 58.280823488687254 56.995807043678944 60.451949712082055 50.27549987012486 45.88517290907933 45.385665197378934 47.89369377999914 51.15190619385632 51.60862093349017 46.22723165561588 52.794100707220935 54.73109990286392 56.26942592512592 64.70631382066927 58.34922255480997 63.8715962207107 52.862348345929824 48.99267265329385 50.39284858947745 52.984068711136665 46.899575558042116 47.66963935035047 58.373170421688386 56.48395353868778 56.0611962404633 49.98289644734915 48.82954942572782 50.81433989685459 58.90258910149734 53.5047125586932 49.28830030079407 45.78112832503109 46.77508742031876 31.989763940115573 39.88724261524544 43.174780773986846 41.208329833885074 46.97765364377346 54.98255217110823 48.82574637988025
64.65499684727989 54.92255668849258 60.7347356125509 57.50072745766204 55.09804151072527 58.377484556936395 57.11040521813242 60.31878379811262 54.78776773094813 41.673622030070824 52.39864032712632 48.0523147852904 53.761363808913515 47.27453038491685 49.57380459667844 49.72206478555418 58.94493953473378 48.42028476451159 48.75624469537338 44.96624884245732 45.73933150311667 58.6027219730414 57.47480283024079 54.73107853695088 45.856200368865586 55.19270656452588 59.86448835989536 59.35019625071861 54.02935655058647 61.9320938433722 53.0876539965684 56.902324368693115 51.43571168463703 64.62598983751963 49.300676401865374 54.32488352071417 42.88011650801413 41.45974591822119 54.54656197142383 51.47525960014861 43.43885970625799 52.17630096785455 47.34296343056519 42.148138196509294
53.58917394628878 66.27518742991678 65.07130539977518 58.43772281794183 59.31274772577309 64.06460415073427 55.62436839952001 52.22128051796764 50.57900665525328 56.70228492037739 55.33833882447014 50.62479571740004 51.225528278311046 51.74814383882636 47.17258214270005 43.996621282679975 54.904765243339156 53.68957918906513 51.12546215648837 55.391283916338715 48.64257319859453 48.141069426608226 52.652569782032714 51.55653393342897 50.91385097722684 55.85722536612586 56.70257934763803 61.72416962574769 56.396476550591586 59.82456759716466 57.32063769684954 47.8568731549194 50.29210105451739 52.38874280850605 51.8208937630548 47.82742334333781 52.23522624592687 49.190134764015035 47.96709049604043 44.249533087245084 36.930707235601574 39.85526776021047 45.74112888419458 48.97219683355663
60.41776970653259 67.86008644864974 52.60425633887792 51.18781027029451 58.688735690586185 61.27085339837356 69.68014029662416 67.29071471773575 51.95555783393432 58.251093306083376 51.399507106963256 60.09485842698699 50.046528068900585 41.850626665804626 55.03425249581935 52.95253503221051 54.14143319561735 45.94070971505129 46.81620684364162 53.81684985538793 46.28960169566635 44.297119827662826 53.63294979112259 46.689503810958115 54.42511707726216 56.24116241118321 49.1593310618136 57.631118140410734 55.119001299014386 48.420554127595494 58.461661244104384 46.322401771050885 57.54453981481299 63.54382154163349 58.88345557631914 61.85172661484748 52.98785711826054 56.29465657431166 62.319517761118554 39.01285911714431 39.58343073651613 42.32713279353277 44.147828069478685 47.875372958029075
58.15807925894254 61.21594317929633 53.40086970227488 50.20180382069108 55.029935801591705 56.77189207713711 60.30937312913979 64.01013003280676 59.06155498230376 67.29599680854878 63.67136734138725 49.835508099974675 50.36023954417124 62.112958488420055 55.36152635505394 48.275429538402605 54.22266566704582 49.3094818066477 46.14670281379199 42.43276646698894 47.16871076167245 42.701564962602895 47.43064759200006 59.18831455276572 56.65923923844144 55.299461034592035 53.594263248701125 51.9558689564079 50.34235799302344 56.36110388464802 57.41501903995339 47.218706799173646 53.39148932396495 55.80358842689074 54.21927444863405 52.14155382527012 50.07431903783377 61.48645192051576 59.07647740610157 52.03199838968525 50.29260503537733 47.82275125377137 53.033649263424536 49.59905233360908
65.01016413943327 64.7510681441378 60.63097212241841 60.598165973389506 59.294943946031985 63.45549456031837 60.98467732270993 65.15659003835358 59.63564542244275 63.5748268498459 56.74476107010885 60.31842882102572 49.21366488666199 61.67358141432595 55.321623380288344 46.94139444108968 52.24053354458259 51.38351446302637 46.71172597657135 47.94609562269612 62.45159797948445 56.65676835442851 43.732510724034114 43.52472677526519 54.582728472474955 45.362426523372626 46.795690044145516 58.56875592946893 58.469289974604955 60.37872971461468 59.75149562349844 61.033699954136495 47.3824472159665 58.19254082461099 50.38612664650168 60.15250601168881 49.04118106338975 55.19389142762621 52.04311161548573 53.78593639373098 61.017082611501046 63.95696238973389 56.221705025392765 66.90948734451172
57.16040221931994 64.02724862564243 62.008630898693866 52.04044879868188 54.603149513120705 50.65524515338112 57.927059338811716 55.852247200305804 55.41763083821848 54.757364309638824 54.78655861924265 58.64318660116139 55.63253324664906 63.34296069732588 57.442411272450165 53.13135758314576 53.9791346558357 51.64162125570536 49.6789865113949 48.744394881862874 57.00642645004089 51.50191632478095 53.91595864084828 42.55200402011195 47.977472861380164 49.24569245256668 45.59348329365058 43.58954368591546 53.18618587223087 50.68469118404954 57.087620582622684 48.55534689687819 53.07833788674231 53.228798758064684 55.03050374592114 53.32005255844289 49.44189447455085 54.89165271936828 49.21428613425474 54.30178137202746 58.026185552345424 54.92363195464381 54.80600583011207 55.189370258910486
62.125914805595784 67.71469852664342 66.59551975765606 70.10485134440535 66.95578973227248 63.85187161878467 57.76595096003 50.90347154521166 65.81001677806641 52.811730877776526 46.95708013684661 60.07390753823684 62.068373332077826 53.458629259616586 54.36198715689267 55.227866170489435 51.95592182977164 61.82814214105488 50.624915083056976 47.4123525625919 54.8896532438477 43.95864355946303 49.941931053139434 47.82323968074054 43.74318284688604 55.36555601386006 44.9034169688106 51.17556612572591 51.74112178282884 49.58293324848792 50.11496073056289 53.94400258600636 47.12339073567687 52.119355566003215 47.12721060735643 50.54024724358127 50.200585612615335 48.35961759231971 47.06545571884626 54.11760117308156 55.535560918168834 53.11869854894955 46.922846563930136 47.91843567565199
65.18514923144512 64.87744518628506 61.801577591585854 67.90885002596482 63.32628948757586 65.93804157039582 59.74859299522847 60.00271514054306 58.34312219924712 53.45010873027734 53.43895560615985 57.96649646596383 55.679871289137935 57.45913085225898 54.31490397392897 56.39011931255651 51.220386529272275 64.68939638705231 59.46436396219677 60.30486402885311 56.75541778919372 59.473203763621875 53.06561302627679 51.99823823689377 45.69672530738991 43.762138741892926 46.37147001488355 52.1760770424957 53.447779344782575 57.16496445622397 54.997938772766915 52.71518673764537 52.8018258138499 45.74305547257673 48.35798160449596 50.610784821358315 52.65276726812414 51.96949154172064 48.09329869180099 46.76624193009064 54.8211237300043 49.53493207330726 48.789906556393376 50.45041225913796
53.29849105873192 68.85041475804141 55.963010404017425 64.16124093939438 59.2714167247025 54.77609921918582 66.1287787457415 62.777925554257905 63.02321472946074 59.313679692065875 52.5395915607535 55.87290868060378 46.34447720911385 60.17570648844823 56.766972012566555 45.95217452435675 55.940121996571335 61.15426760287701 63.90875051815427 53.883895816977315 56.453574085609 59.33048825248656 51.41142925402947 47.38054361578841 45.2166578914436 45.64780789950201 51.53692661081535 51.63674941256089 52.354727342785495 44.962415291672556 47.143606935970226 55.52918732621751 45.78864405502456 45.70433070412191 47.71577245633041 45.94971510058869 49.861306164154286 43.48646720894103 54.55138954774166 52.58803607262425 54.20350338746915 49.7979056172602 51.160549205779084 40.592394251466295
58.65919512623338 53.74112948256129 62.08285023133941 61.63316714846985 62.230249710637565 64.49646391745136 62.91869786619475 66.65572980716371 60.71224297802175 42.41145117290232 51.619433360864754 52.700262640154634 50.01139984670036 53.6834410404625 55.02266134882115 53.800190346456645 52.05588951167866 55.136459334164854 54.72481021710658 52.50473155805237 51.31094154042346 49.390451168064104 53.52926243807515 51.09710055085833 43.32045046736154 45.47877140170025 51.71257979536709 52.41587986670274 56.53304783642861 55.0922125613067 50.49526576791153 48.785667611376866 49.504687955189 42.547931626821295 48.56702784680341 50.70380492662761 45.02206183944254 55.600227647881496 56.44373786764807 51.76745047571649 43.94182544723034 39.859375903979945 45.85478091067587 54.61156080036025
52.00154377415048 55.084800688104096 58.48669244266648 76.29777238008779 64.09652620640497 62.49567610556328 71.4308877395726 58.60894374938539 58.95806756415739 61.552308837326635 53.75283176167052 49.436061104926786 49.048262912180306 52.45793981914627 51.99016529102118 52.60078982673322 55.661045107944645 58.1501392662929 54.98556542691598 57.053232461940816 51.9186476957758 54.397775003147395 49.54747335042834 49.56629030533435 36.02662626945707 45.396942811145934 52.713526559567356 56.99670252042495 56.48137687598788 51.1423440692681 50.514831679994984 46.56461822245635 48.55094582235082 52.47191680451165 47.2932499592727 48.42194982695545 45.72907859840171 47.62320196810123 62.45513913018094 55.54761120506578 43.13993474197078 40.38427317100276 55.02271520010932 56.4431449177168
62.940939304420056 65.1994728046584 70.27942908723256 65.25841275761924 64.01814038884008 61.02931533008135 65.75097117178748 58.66666556348341 54.7251930751078 55.055198839586666 60.20651445745045 61.824249481157 58.09014691772566 62.892813567095914 53.64531105658675 53.866924333434554 55.30745241293744 49.48254371384283 55.4568589350517 56.49469484294157 50.79716789860309 51.85959683552019 46.45395005522834 41.98149709475904 49.01631252158011 40.636192020148464 45.294524428187486 49.365162356006174 47.84177604626248 48.002341598729856 48.045219471752446 52.53313320139017 50.95622506601195 51.90474887541554 52.49337412678436 53.25762501592692 51.944323965060605 44.328034989709906 52.253335104675806 48.55578485080277 46.6225478619719 38.772172925231615 46.303345434688495 46.60428701309672
