Exemple/8.txt
ncols         257
nrows         257
xllcorner     0
yllcorner     0
cellsize      5.000000
NODATA_value   -9999
[rows 19 to 37 of 257, columns 0 to 43 of 257]
55.69337488757825 61.79612762743844 59.313651858739604 50.850315595825556 63.49154959963185 65.29665572407069 53.94760170790683 56.45507388975305 57.40543133701307 60.92722654302384 51.04218352022849 48.535298637680285 55.64286155760336 48.44309876976097 53.10091421397739 55.322334707257006 53.242181040374135 61.529707581191104 63.13245441697448 58.81557018023723 65.22229194805969 74.0245381293675 72.02880839163629 73.01339367341261 64.02198055083947 71.86595622129872 73.78538285994667 72.71596350051223 61.04106243866894 60.20176254107159 64.49120591713353 53.891904667552794 53.3482046684267 47.34912429667195 34.37368170787376 42.09478581819392 35.290365800425676 30.161181516848053 37.96017209500095 33.97376271802826 37.978687648071926 45.74079918165457 38.452578605773795 26.072250936703092
46.66478287041842 54.45290002717577 57.94855605885841 60.077684821690546 54.91487480140981 61.27599899455161 56.691078933795275 66.82303858844507 62.44106264308583 61.64057893921674 55.540684238175615 53.72612831919535 57.90544471244732 58.82609899590197 50.03395371062476 53.73311842703419 54.665476378220625 56.87200324281905 58.38378591788169 57.07747286204139 66.23386372281139 74.38754084630108 77.17389738304456 74.23822699435914 72.57713855556382 78.94881229315521 67.37422158494135 66.65932113116816 62.06093351965048 65.1725230468754 65.85659720057565 64.87718613296602 61.21895811960335 47.195532905970104 41.32037629808194 29.196857614997583 36.93178404180877 32.56433800119106 33.989360749291635 35.68520935381795 35.89725356475158 33.14662732968608 33.200113058476255 30.89859960827085
53.26287441572534 41.50667585005099 45.16824547213568 52.03658689867803 60.62137350525062 60.461808987845565 58.52822951222916 53.54800955802719 55.75892940388226 71.59388942570294 60.98911574350102 63.34657330417588 54.41270195985685 57.20340532789889 56.34633587633793 53.63321094684235 54.85059941517156 56.9849254311741 53.219688858198246 65.17141573892434 72.75319544643787 65.67254395709406 70.86428424687311 71.40444463596056 72.95827142622056 76.29651788135828 72.42027627562892 73.92422133733679 66.036465410581 55.49506404848496 64.9300307441994 61.7565799135979 63.206752543252236 51.74659225364504 43.66700797076358 43.58485560028506 37.54268976862347 30.99111905208875 26.202847624159933 38.1193641587136 41.79809747387115 41.70353481062362 28.208332893186828 29.50991725876804
40.63760544579234 51.81427870505878 50.02849531594252 43.291319652643224 53.14361320538181 58.455658138874696 65.83255929059683 64.20506733161999 62.771992873285924 62.1093156419803 61.24576572912699 65.42186891513504 61.700192967085265 56.50599689327644 55.65041255546475 54.26677044618073 57.64836893763933 63.521076946084314 62.74736244374567 65.27872978458285 63.812701572124645 66.63461183283911 64.5213942150384 71.94278934373696 70.2502864407849 66.78557597229782 65.32717107288477 71.81846367059408 63.511000648039484 64.38813816318697 65.88807233512865 62.764181418738374 62.067665680182046 49.79340720756312 37.670129329387095 37.03113829379711 29.66528787497959 30.462201752559377 35.02967018135618 36.284046778217146 35.90417252609585 32.603935775850054 31.749968306257717 32.328298901522615
39.20026279000004 53.151807516505556 46.20429016315022 47.809567283147054 64.62318941201428 64.56774714526233 72.27042453119893 72.34003011436926 66.36322890262674 74.92215414384931 70.03525120277044 73.73766653832658 56.2856361672129 53.337257386396644 56.39239670472578 65.15754088317058 55.980774593749246 67.58545083958575 60.907644321752215 60.7142743981065 55.187938882175985 65.62138338245677 54.66027199797968 67.75922967885269 67.26535648499524 72.58946035037434 70.35558502285033 70.17731460989374 68.0709111631447 70.55893709301843 62.61767160530664 68.71986381477713 57.17132056161104 50.4095518144547 27.163565812901542 40.16213627354334 35.40389027496263 31.782715677084155 46.36975914912284 28.459751548721453 31.337725830704613 40.36200821132741 35.164891580612824 22.87975854438695
43.26031189683826 50.08567237330328 54.449514620432424 64.92433467174463 60.32230139654828 70.1344149612236 67.18321736848657 67.57178303964551 60.18423688592027 72.49380270543153 73.32966709011731 67.09244123129591 62.81019999523227 63.381355948641485 55.60588770009484 53.41664142539697 62.4091143692287 64.62660691214373 63.826683986178566 64.62155447001825 62.05932673038334 61.923939492042976 61.69867650572375 67.65699170830872 61.7998687395666 75.07674953838074 68.45694869130523 73.26780874464382 65.16924305700067 62.60381290341067 56.40822332317216 63.05838805922848 56.171449587427844 43.34428272098333 44.82015235020452 40.25085340847539 36.41693264861818 40.93987805952821 35.938324638832725 36.92329940673715 43.50865702757433 31.33805923015488 37.18213041798474 35.745466870726894
41.171017299682404 48.06919940550661 55.191152733945756 47.82194107748737 60.04084106309527 50.346081420537665 63.50914050373787 59.877775388643826 61.2077355387343 61.40621471346799 66.53688158910754 58.25063737233711 59.042797951839134 47.68159399203667 52.81110917189903 62.856111505546444 62.43756096531808 70.34479578644073 57.93848054801578 50.94935688254238 54.00601625789175 66.04290571296029 63.74578631560078 64.46439738013174 70.47088356475206 61.76095091633176 76.85803802984333 61.513711801423085 63.68865633791329 53.207653114541934 57.590028150770266 54.38023132641214 61.5427724838877 50.840864356989314 58.77475351791272 36.15173774641261 34.979975340098854 47.376310798423944 33.79311982940668 42.622136105822094 42.70103948623158 31.312091672494113 29.28390871332971 25.20889706603183
46.61244481130671 51.99186556170961 50.69697260097669 56.170977715478465 60.46361386945087 59.85058092326487 59.03101261333657 63.026205969317395 55.261814433036974 45.34763707813113 54.58080603774452 60.85954605502454 55.65674140276083 53.22350504141416 50.48213632963278 51.6807854718912 58.90158682082788 58.47190322827359 56.647879805080365 53.694020827406746 58.438299977059 52.36057114190883 60.21594428971319 61.68533240750587 64.59959997058363 64.36380543468927 67.45491953967681 70.89479689003723 67.10552295380957 55.9383693119927 62.64453441369682 62.47687925499202 55.27538798699915 56.03557241490746 51.0140121084726 43.79934180270345 43.3392176740675 41.12161383538792 44.18456486677176 35.79977982425045 44.71146020186278 41.412693953620234 40.14326639348624 28.461039400726875
43.145256969733495 41.005517004014486 54.404226087985236 59.156372225595206 58.69611559720796 55.615454052796935 50.594020992355134 58.435904006881756 47.146184440563864 44.27815584953305 45.9254561483414 50.231842756363775 48.42584380050075 44.66749733978418 50.12611417937515 59.27057267772811 52.23387365684714 55.36929659026047 44.91817262157818 45.76725312944556 56.79361664127932 64.77372879139759 54.22285209791234 57.34842971708231 56.31526225443488 57.36942663745787 62.117625674783305 77.15322431825257 65.04714927483032 69.16183174830269 59.732610684276864 66.49570656561781 55.00026114175942 46.90152807632607 62.685176762011785 60.92051817503375 51.11807688599292 46.68801551216377 39.07805793298559 41.91356672947167 54.26757707840322 43.18962816635389 34.849063501764945 30.50137420170065
38.43001962660893 41.19757034933799 52.183282736836546 63.67168544887679 58.16804513502406 51.990893465788375 50.55365887224957 46.584550566939924 48.4638233845063 50.94680982134181 42.150641509745554 43.08836030746396 48.7844602221339 52.00751859375637 50.97987399927865 62.86953593815167 60.59364088520704 54.94249144983454 55.138111892601046 50.457030508021504 58.641295545600045 51.5565214240016 55.030244653258514 55.5334244453504 58.328651730302255 67.21273274075163 64.81708547078522 61.305043850492225 63.71249688538529 68.99319250141886 63.52272818704913 59.90450294966149 60.5237703556341 57.18552787961918 55.446908105876375 51.09312281064041 52.3272684910539 60.254581057473835 53.47665338579722 53.44002808853261 51.851556357288075 54.85514314016439 46.49018379840425 40.73838946664935
43.94606364496459 52.3730149553346 50.801029388886505 56.52593508684904 60.77970495275514 58.534193225643804 62.81435992727762 56.946003255189865 39.464807166819526 40.459041305368764 41.463908527908174 44.70287917148195 53.41455546698152 41.48766057854571 49.912910047334734 67.72281135906802 57.883938576509564 56.74355887149123 50.62797981679307 60.546301853721396 51.590129726572705 62.51617947974405 56.608023062593034 50.27143660811328 66.70977703714932 63.99791006970092 65.63331942475205 62.971416954307486 58.63201889140058 71.00040313611446 71.39176412413073 67.64338296911531 56.998892020599655 44.143080039811444 58.58017421493861 57.11791463589009 61.013259906412145 62.95327672933821 66.92230869978485 46.616196003464395 57.9588450986426 63.47343121086333 46.53781733112184 38.40975906836992
49.62464872951388 60.25081375496464 55.09255699702458 63.16034790776943 63.42048330317551 60.79869991757002 55.10693870264121 47.41889608018948 41.71883483053625 51.441817015602155 42.75919869685432 47.5802214439572 51.64287954456313 43.946365735125156 51.032350963668975 51.13631920931356 56.47446320180879 58.13214011044914 55.94403759319859 50.21482068603714 56.693053038333254 55.5589146789148 62.21467969776306 63.14328823417611 62.87795102295868 64.17085593596833 67.21875323589742 64.28272073983824 57.124936238801084 65.66499031472232 70.59214357750338 68.53225093513463 55.16359985662686 55.50267256310834 59.673121068733764 58.423922554940376 58.82978342095932 54.096776321967184 59.451918744780116 56.433317758062614 51.56013357648682 56.560700039069886 51.53750051037832 45.84790233292664
41.37411888147385 48.55298856026883 57.11074185643124 55.63106302448984 56.74282227488706 49.88855468386544 47.367379444079575 46.363267330591256 43.337243843959016 47.57047862605448 42.82068845191392 39.23165387676407 47.85336766912192 49.677598479163635 50.960141651853775 58.80327721946741 55.912370198024135 50.9866458604687 57.622718795680996 60.40289389745357 52.9144679797126 52.6166998931494 61.835655539721465 65.36652063196419 55.71390582052811 72.98548516852657 67.0240224279323 69.22608010821594 54.18582616333056 53.236083524473926 59.26182621758251 50.96297364735937 48.51167317377552 54.692451519032325 64.32944003763731 63.08976962998235 56.01250545958071 66.11560038670798 69.18919356170176 61.098751699066646 58.82184303007237 68.0384755984773 59.03043846623942 51.017582597536176
51.79492300218938 46.57623996309589 55.39163699456553 62.262033575645845 56.11758263295989 52.55300093741562 44.54996381356631 40.406601887026724 44.37879661115051 47.93638418524297 49.705815464951115 50.018589492907964 50.71207357597234 51.69900503504934 57.77970313199462 51.4435568791897 54.5239058288504 56.43843104857867 54.65551821109996 52.659738664880535 60.220499286813805 58.72049474037511 54.91727694516708 64.08486311872953 56.975621342174364 54.956053502908084 57.56518414837002 58.882759568223385 59.95833583757579 55.98409465541229 56.042711193562454 57.39690718812405 55.2159737200822 56.244430951372635 58.770249468573766 54.47370312973992 57.409013820794655 59.50454702798031 55.32667683786987 61.985268000402925 52.65344024919053 53.599818762556175 50.12987623804232 58.884024380780076
50.63888931814257 55.35160399940835 49.37921627389989 56.489176416580406 62.81965905231897 62.4212909515302 50.00197356071346 45.38617109415112 40.36344587094629 47.17079995178955 48.515541795226746 61.61409562475534 49.8399370898139 61.18678305913536 53.14626027871742 60.532155437927514 54.04789479387766 53.09149609888388 59.11600177961645 48.93227422362296 57.82951809614228 64.397090196898 54.73643454951864 64.29024594347436 59.21277197229598 55.40806650264183 50.88143384856227 45.55770045840798 46.81958800745351 47.52108195939825 60.58563196712002 51.00472219161746 61.079207420044895 55.08312276600235 56.40434349444442 63.74623402493059 61.7651159035815 42.886100305723275 48.425460065100204 51.0059530478632 51.30588085969087 37.30749033216584 43.21277078845581 38.81732415470026
56.73992014367136 50.892991780751004 49.90891474631724 59.052720340094154 59.148337805679645 52.938876381071665 54.618352748755285 43.52728444569108 38.75715289157082 44.2219805143061 46.4891422732108 42.211625135613836 49.18283051693324 49.16019743904906 52.81767425841078 46.267265263016554 55.20945573752728 57.66265025857829 53.69578231444715 57.43172190498015 63.54301424136385 69.00850713827856 59.12917373023285 59.36414469599191 52.995838040398525 51.3854335581842 54.939959013918404 50.23085365631937 46.19439231180487 54.26382613999366 56.15482901105005 62.54910445119779 60.06438827689709 58.04409846846471 51.70061174103691 56.39726228542932 55.82513432127122 53.75548642168903 45.97050286238051 40.298470669441414 49.6217872615814 54.876424473537 49.71925858098129 42.00303796394145
53.83514363645079 44.376208725606375 57.56608919864402 51.27164077060088 61.31098824814604 58.28702630388152 49.08816685013599 47.977639857575596 40.84047407621311 55.45143963617056 53.47078749083731 43.19587684542939 42.75800338406873 48.36280405295204 45.91079078152221 43.930994101565545 57.33098848615528 51.97641848638921 45.50476811069589 62.75231853554061 59.97034707175572 64.91382189090102 53.346660316369665 57.346816930532455 50.62876245864365 46.68059329405412 53.793942781060935 39.8250923295159 44.00857035659574 56.79051173352257 60.405363483157316 51.79088038089493 51.4722395077885 43.53694607409223 57.4934748228899 51.56231113223652 61.814338152726975 53.75597741118612 46.70971174030285 36.54876987504938 47.02912327308901 50.85281158743361 49.860867408374276 57.46804509026103
51.17805005609347 57.50691040803688 50.35082808293136 52.763872536620866 54.76902514331731 60.49970935512871 49.05364167927635 48.96253331848423 41.80159999463833 48.57742613705331 56.504432511924286 53.8707608885013 51.276290760870154 47.56747803571339 47.155627663244914 54.092331809712185 50.22352306362586 52.284524539234454 50.097368543389955 58.00197303436528 57.038784379480234 51.22355778414109 58.69254581637186 49.02549867726157 53.26666804148226 59.84425616404795 47.50487020392583 48.6471758096011 48.111224408865574 51.61607124855806 59.12284184957735 59.78564603371392 56.38030603586215 58.920711134653516 53.68302536173195 53.45614561919216 51.37050687049295 49.02718371407695 48.48016070740085 42.77776769572027 44.490241224098426 45.55568948579475 54.79096421523914 44.79729111328621
60.34373382378654 62.17233171188367 44.653582170263704 58.74197429913844 57.846469082830055 54.44071719579611 47.83644382109436 43.00789877364374 46.89312492885622 49.21842797093004 42.62667667895508 37.349048950429626 46.21832665873048 52.189923865215164 46.19354566286904 42.0949828558403 49.46542863202825 54.01165017339375 51.90877287233384 49.305604617489976 57.962881495127526 58.77867751861065 50.37535695022311 52.958023146245594 48.982589088525515 56.22740072480822 59.019234344112505 50.843696191800234 45.59457680159693 55.16083244948372 56.51227540634353 61.48041426059821 49.50713126361164 47.32211896711602 54.53606306927268 48.9783034234705 47.55619284418145 37.57433027672191 49.861878659456465 33.36796556229246 51.596805563611696 58.18326519774392 53.38896451159061 45.35081035613922
