Exemple/8.txt
ncols         257
nrows         257
xllcorner     0
yllcorner     0
cellsize      5.000000
NODATA_value   -9999
[rows 209 to 227 of 257, columns 132 to 175 of 257]
42.487416687408235 40.21371335631648 38.789111697486305 35.50281266966612 35.65671838318566 44.479515513105746 30.90249112769869 26.83684798924159 26.369941730778905 34.20152661696739 36.557442255485014 44.00903754213983 36.995747866575655 44.06122958817776 36.07415315400573 42.70251083961406 44.55086679063516 45.666070748738534 40.54045252648434 29.56314755865942 42.98437223062752 36.31195329767234 37.489211606150036 26.562325570604994 30.853083092096977 33.861065428849464 26.357580223726384 25.64898771511134 21.19162236204626 33.65266543510445 28.76718353519456 38.515851441447204 36.88239070529114 23.89981081831104 20.676171551640785 12.275948764366932 22.095204290423666 20.24190470521131 24.576128410800912 12.49874652603055 18.004575236493277 18.20876811945336 7.357980356034741 26.793061095361914
42.17273600163236 47.94663639442011 38.08644345126363 43.55695744206729 34.75122824727617 25.793048675989944 35.00530959485433 36.78409311142886 31.63944225744463 30.601018280941574 35.783445874266874 24.806292981269625 29.273850451420998 37.98611800343559 42.0207882242858 34.12763622345287 41.69745034615797 36.893900310405435 40.69031335605533 41.81933797613543 34.739262576661005 27.654741058970245 27.98488360266214 26.07549483235009 31.20722255527459 33.93948649185606 29.47800431705814 30.079356854921475 26.751850352407953 19.74946217636153 25.492364082891445 30.63420443978022 31.81682946305055 25.76762157132722 30.254022494725362 27.24898191577821 25.319682584353217 24.159142235861072 24.790413098521668 29.408795377054837 19.151967556082127 24.986698302342372 18.288129509909048 18.431481351864754
35.300772047202315 35.16246560678553 34.93943429599118 42.078398884737275 30.72779070145726 45.431803334314125 40.11434537051869 34.94492545151833 29.49508458520447 39.36764716638851 34.344562072071255 34.931644743093514 30.169323418085327 29.336924263142244 49.58136257561078 47.066027199297054 44.266584808806414 39.18525725612115 48.10098130489372 38.8011035071631 30.315906997073775 30.838454366522356 27.8259915317929 36.610599206127795 23.69377410464909 25.79760471187094 28.99111043027426 27.683413345856728 29.611942322608165 15.919335946553964 22.35789793393537 38.0763591105804 30.004729675456222 22.518570429558242 32.403906479639744 18.149513307833672 26.67802617002348 19.676610777691636 15.71121214350536 22.48034909617013 24.276569437488156 23.862710900168864 22.658797964783048 14.34312202864548
38.55075012697182 38.1105474059866 39.973953413649724 35.70755445672866 36.57372201001823 29.55813786221091 33.876369659695825 38.25159467069351 38.13054178026467 34.56212101951207 38.997442307297916 40.17492150510008 34.460477600594174 34.09522805829404 37.70354200612265 40.5388666482459 41.30085898267588 51.179909559911195 49.06859276360733 44.90137431830849 33.28508608089501 28.536864631278174 28.878095749816932 23.337763355097067 31.380772217810346 33.11136745817214 35.08218728249786 30.79506835299465 29.958026377317843 31.47989062762436 27.592795572775486 21.860839306875725 29.463755582502074 26.36112171685961 32.95495953053112 25.173847730728966 28.197441394895947 22.537015226249927 19.778926204780376 14.517256145212382 21.5714447735503 18.54306456210329 21.47069374309188 25.28087586985624
44.5033813381461 45.393322872034915 29.92153386044581 32.133660245244116 35.89259683475944 39.54678639969255 30.455100398636883 41.71398111563121 44.00445613717298 43.6939188230927 37.03909531742671 31.899497034172708 36.42775118732492 25.607496654339293 40.55026008174859 31.44105397257075 32.76394731047539 46.74320513009297 37.53078591534797 34.839628420932314 35.59024250992852 34.334218296822684 23.857738491194034 25.215815780192173 31.67639102147827 41.529264548440665 33.695669339569974 28.969976316366584 23.326030398840828 22.634778027607187 27.679340728575475 25.482705195259037 38.55399540471273 28.951953612983303 28.64427677347912 24.981328370253266 36.14771553467592 28.28966453296785 20.053428711973257 26.911345958465997 14.390901338837882 19.087749487870596 13.691720990838537 25.902347991395345
46.980610013963314 40.45667790639 37.92553674586423 28.85373356482765 36.97732815657872 33.52298987799813 40.97073522333813 42.48552752287081 41.13193135060784 35.778746218435046 42.47429514773806 43.50743341271962 34.23686958099887 35.861877837239035 41.88603861640884 47.938024784683364 33.874569327048086 25.84421383295813 31.239638249137027 33.88184728898044 37.9343410694102 35.06546159321939 30.88808481230427 26.08767444837967 32.96259100354892 33.944188929919775 33.10842462108397 37.12523315361682 26.950550701444307 28.567958387750824 28.102616935417608 39.83300556888072 31.437333009236777 22.773047862870797 22.97167735179646 26.298432589052375 39.615427042540304 34.41394620941646 22.12561095339012 22.779262584467034 18.773256527251487 12.656509674263411 21.398858426161105 25.21336267792084
47.92417270753056 52.51936693827223 38.946049042385134 33.477044120580565 40.89121606900642 34.655570929080085 44.010073232793616 47.841380597625935 43.89461252941083 46.8290491755094 37.24987662893926 36.14666282480496 37.9759064125122 39.64444364318448 37.53702823675866 29.63922536878496 29.576933807632084 22.06208402111846 24.431963998976165 35.94171758994843 29.717133929014018 22.331000429313043 21.06453886142137 34.813870406645435 23.953048699280227 36.933624753455675 41.1435892365339 25.09824409289012 27.26101877175001 33.84349115561283 24.877651399455083 25.31039966500344 29.360771864553506 31.67872343099046 35.773406251698646 25.275794920146396 34.87095013521721 28.97896096302143 21.11064869156917 28.211416562008726 23.860018665187116 24.461073251655556 23.647293286345594 20.446034043498873
44.32462073134787 35.67222365967753 41.43672353429528 40.78528151835762 42.59762351987847 45.302932412777864 43.9202558210582 46.86439649832073 49.938996022107695 48.248433534220055 45.59684413168466 54.14237810627226 40.76061388297256 33.471133709590205 37.893216183501856 30.43240440681123 28.296604264201388 33.205315629684684 20.974530630642086 26.009948919251233 34.3898431185562 26.799784474912066 26.90050500357697 19.54884805496979 23.50739255449269 34.295728406658284 31.221112552557877 24.923484934194946 26.881375007784683 28.570607641040496 26.289906557798886 28.552686215018646 28.320927817496855 26.393581088397617 35.68426712579617 35.86672255352672 30.280769580447195 33.57845946051695 36.020434588830625 21.8257455748075 21.595026464934037 22.552252758033635 28.653356215163896 28.381060584859483
47.77791464965184 48.60148180336165 38.077807701741236 34.8073564594271 38.955204400045886 52.556721220784 39.749582967993035 45.97991273759996 45.31941048432906 47.885257696086086 45.72342066570455 39.87558980964733 39.170493453082166 33.73901896306225 47.4258151555677 29.26274711912236 37.1748899985178 26.79771531899126 18.20258643538252 18.678019924113613 30.833966739376944 37.65754529311683 18.9215488409837 26.684605289097735 28.621950205518523 13.706004531433088 23.52917491735254 15.986293982019134 26.310796412192246 19.686277681080526 38.98833333443169 37.52626214463467 28.452716113471173 38.465979898644676 33.125712471371564 44.12373380117563 42.84636319259945 29.239010568499467 25.814936680497308 34.365242776655805 29.52303673823585 33.846867754420245 30.73362405575796 28.230459135619995
44.48108699715303 42.896670690256514 36.47237572803974 36.696539957506815 37.7477089305505 43.89779723655429 45.16554278687079 53.018249961776846 45.730309762606524 42.25093203519474 45.14805449657059 43.24159205381356 37.45987023341769 46.181575033362726 40.064083213956266 34.01824247468345 34.6359793957752 27.158753774370407 29.85739008518812 32.26091914833744 32.36827786973256 19.17328607749956 19.46130725114396 25.66510047407924 27.98710436446506 25.00917192682924 20.504218260029457 21.048808172675116 21.040480909558603 31.885708470851753 32.68488171185517 32.19657607364853 33.79505434961476 25.173293880724533 31.207572303609222 33.82308061523753 35.77015068222194 27.950560399966523 24.465501341468542 28.318987573850222 27.09098647008049 38.22075791848873 25.77544534132471 30.345089767260877
39.60051130100222 33.39148497986387 33.18786161951304 29.3340219227656 37.84966463190332 51.29978817720789 53.91817806153527 50.359954699591654 52.920296335078746 51.10240873328656 45.57978881859419 41.50284496059384 37.32710858572953 37.60824074309523 51.50825560779375 50.824489903123556 39.2217861794187 28.297484376985217 31.165687561248298 18.958288144354228 24.96221352861209 16.55930762943641 21.21038915238672 27.134409247574215 28.4505983273842 15.897282408469326 16.627726456864 18.87518516442656 20.112497886953854 32.379505100392386 33.86862019793939 36.688639797934215 24.895946373503275 21.26745996345396 24.600477528581226 38.30892361880137 34.648549557351174 15.647668774377646 17.386189350078567 18.074446712713467 25.979487151073716 24.512161193189538 28.93032882727853 37.87270660189156
42.386258858649214 45.15361891993203 39.294732892989856 38.290854369899094 37.71161601104369 49.82951240902068 47.26638644192852 50.37613600597273 48.06769911374322 53.83582564988674 48.914653264326255 50.356884782649956 45.732292368537586 41.809894983565925 50.48078998808633 50.567775660303596 39.62746920162416 28.802207426744786 26.650568091774467 31.156898815569168 26.24253538070273 29.578838111705274 24.25052937711491 28.95565932906534 26.830239259922955 27.124698132489485 23.565861294338426 19.72850548134368 23.899786934678822 25.207195150513574 29.560450089029157 30.370701940930065 31.785688872716 27.035173150981578 30.999272261243767 25.813851188507993 28.158190815701346 18.607248263101738 21.512418095923202 22.467864037979766 27.537900134852787 36.74240509312928 31.49949613988389 35.988887352773425
43.04051471012568 49.72737373575145 54.439306541168925 46.865297085782736 38.01766787084435 36.87194051813839 40.04994990964635 41.1171376160695 49.16262664577016 57.72605255735326 47.143050927540685 43.36688782889469 42.00420353027687 44.42150093323719 57.5588361213776 49.406885365188515 37.6069896155317 42.39774870745692 35.90968018149788 21.54972746865394 24.9015522902803 28.825307720007494 24.123391540706592 26.396190873749845 26.8046441794079 19.78499659423768 18.957306186445976 14.676406052311176 24.84660232520295 25.144151777902955 36.98350276744881 26.66979725091049 27.159245956676195 41.59816739476186 32.37000899878066 34.70741786474197 36.5380244230143 33.42545053620481 34.82838686995669 19.152030029414533 26.02781724659797 21.58070173560566 36.48874668875625 27.884880938666548
45.16416630949874 53.53625701430295 48.238759194553225 48.30761730029143 42.74548848098311 43.688512895920795 46.12520375595491 46.353800179414094 50.738250094087626 56.8665224924701 48.67468865190154 49.1574618729229 41.381821727906356 48.16079596435848 48.063930592032776 51.26512942626351 40.434501825484304 38.615949115579426 34.41871558966006 36.54938703953434 29.154110776701287 33.405967508376214 26.50167813535512 28.450002717074426 24.282108179511617 30.197746396056267 26.262825893154968 19.854749721778816 22.880048655748222 28.94121031947473 32.32479713150802 24.556211518050958 30.169184104098946 33.411382366264746 31.877686906645323 36.12296753546091 36.58242014630072 39.42982477094955 32.229332007467704 30.359598166733967 30.311502294787406 30.407751199625704 33.44215771822638 30.707717276400448
49.51787572536238 49.00259020679061 51.17724894931173 40.12718114598471 42.126224996147364 40.75792540446101 49.58713753905613 38.3694716799532 49.071341495766106 50.49277801757455 40.668506383714586 37.43043684798928 38.59922006720792 37.18093333034986 44.73996985054918 47.70903911690636 42.01464354639377 46.94887660666589 35.04564287993353 34.447408688323605 26.234433838177512 31.960279279892447 27.53605623556183 24.434019024825623 27.11664656644247 16.85686754574006 28.485791473010195 16.65106688572677 27.934268588699585 37.554536895501315 26.400964071201045 29.82378274999209 31.28366174378726 22.611882879698392 36.19945098058457 39.84676155439843 33.44945013636533 28.783499074131576 38.03390952552599 31.832838114412972 29.86645091402074 22.996706896095567 33.33635341197967 24.10792551690125
43.76645199899921 43.943622660391824 50.002239348940435 44.377554443869165 43.0784625107122 48.144682774972765 43.805570724359185 42.95882212654982 40.31036583385896 46.7126128812629 42.8893439470385 47.60956351106043 44.92650762162586 42.967485029778935 43.83870898281495 46.35031432326639 47.322479280949295 46.037294310532104 45.484640064521365 44.16715953705592 36.75525200987185 29.335084503510284 33.2277583703611 29.054077276399582 30.2798385843899 26.24887816193757 25.13677607644665 27.13121162833717 32.41051281601595 29.18063608971624 26.327373189020342 34.14824432285863 29.126483650641696 22.928402271114145 24.99150824349459 24.94424039763414 28.85044473530959 23.587160562287988 25.92992945782307 29.222898467420954 30.316484466487154 34.3085752592915 32.27608612437097 30.77748769234257
28.70051042523859 33.91645358566136 35.51622952209432 48.28722607803412 42.052346758541304 50.16868389496987 46.67151882553554 41.84290268973595 42.17854363658702 47.305177926226065 51.24858451106117 43.89511328274392 50.48947442363979 39.44316552392735 47.995855456588785 44.86169417757114 52.02340443571484 53.219381063596025 43.6871872345407 47.048908158732324 44.856071890946836 34.47279145775118 37.72838893677769 41.28691780952248 27.140804428474645 23.97114559353435 37.27918217549478 30.2906570742065 29.471854941938677 31.44494058601502 14.298380752352621 16.748520876270476 34.82041789236758 33.08505609909907 27.6170001725056 30.796618336004688 19.05173980035659 23.216820440726146 18.773740443002854 25.37894815499706 23.394924140357908 24.72493429411208 29.282061426356968 22.290580822373933
31.427190974854092 28.434519704818968 34.604906852896974 39.140688790385084 52.072606274841576 45.858891854831356 45.21378467860715 48.51243581488667 49.76790492763813 45.11670041900733 49.93728049996942 54.081924968469785 50.32291136799262 40.81893737223802 45.09548650724325 45.57097792568188 50.73848105105439 43.17615173602944 43.781723515417276 36.407444228470865 42.04915353227045 36.55977435941392 33.93322949039701 26.608907214483306 24.661328306390743 28.28527411437762 29.090357406628357 22.300268966009185 32.032698520319265 30.5545302301842 25.67916720834167 15.328333067015834 28.357448344645405 33.960888530068175 26.227856161118126 14.02848910335491 13.56929707670633 14.352816677245233 20.11287313455398 19.317723480274083 27.541495661757143 28.490901983968413 23.330463450120888 32.67159975248418
32.607272496101174 40.275680228824704 23.60044387283412 37.223459362879446 50.95201832775705 49.706411592274385 44.57658099342908 55.867902304484026 53.21239202714044 56.103060916392394 44.0861141030109 42.881116695519104 46.49011106164697 35.46369590396138 43.60833754903346 45.497527927093664 46.19631582268215 52.67969481821243 52.83475382670049 37.531210536580915 45.34771386447211 36.12821288715949 26.183269768632123 33.030664950046244 29.77767191805255 23.187419860493193 30.737680015724436 36.078836842712064 36.90884891657095 25.363102479751976 14.907020557103143 18.537578739400338 21.371798674700784 34.30547556266999 27.151570304925983 23.71003687532145 18.10168743247815 10.586037358927214 17.703013893796147 16.660933827820624 22.34953218607186 30.09065307387023 33.80164736543891 34.50206093163312
